time (s)	energy (uJ)	charge (mC)	voltage (mV)	crossing#mod 255
4155.076656	28.296551	0.009395	3.011990	234
4156.132365	28.593311	0.009376	3.049570	235
4157.174206	26.799847	0.009380	2.857209	236
4158.226550	28.489063	0.009374	3.039320	237
4159.263454	28.381958	0.009430	3.009866	238
4160.319131	28.948132	0.009374	3.088181	239
4161.355665	28.615833	0.009347	3.061379	240
4162.412957	28.741915	0.009383	3.063280	241
4163.449485	28.379406	0.009361	3.031708	242
4164.504039	29.143839	0.009393	3.102869	243
4165.543689	28.285391	0.009374	3.017383	244
4166.600083	31.071381	0.009380	3.312437	245
4167.641005	26.769585	0.009354	2.861707	246
4168.690805	28.599819	0.009387	3.046677	247
4169.729084	28.442276	0.009368	3.036002	248
4170.784907	28.957968	0.009398	3.081283	249
4171.823108	28.272768	0.009417	3.002431	250
4172.877225	29.113136	0.009393	3.099425	251
4173.915627	28.336155	0.009356	3.028559	252
4174.972547	28.516405	0.009384	3.038726	253
4176.010561	27.904999	0.009380	2.975091	254
4177.063926	28.470530	0.009371	3.038172	255
4178.103112	28.116310	0.009379	2.997833	0
4179.157637	31.111568	0.009380	3.316719	1
4180.196326	30.705530	0.009387	3.271138	2
4181.249805	29.064875	0.009373	3.100884	3
4182.287950	28.367605	0.009375	3.025967	4
4183.344781	28.662296	0.009394	3.051264	5
4184.381640	28.410761	0.009382	3.028323	6
4185.437888	29.058548	0.009414	3.086766	7
4186.474561	28.289621	0.009374	3.017914	8
4187.530134	29.069521	0.009403	3.091526	9
4188.568075	28.376528	0.009392	3.021298	10
4189.623678	29.063057	0.009374	3.100283	11
4190.660366	28.552721	0.009355	3.052075	12
4191.716774	29.014626	0.009396	3.087857	13
4192.754026	31.312511	0.009381	3.337837	14
4193.809335	29.020067	0.009386	3.091812	15
4194.848740	28.061844	0.009367	2.995745	16
4195.905086	28.151503	0.009420	2.988434	17
4196.941942	27.788961	0.009378	2.963311	18
4197.996338	31.294895	0.009378	3.336934	19
4199.034508	28.420252	0.009380	3.029893	20
4200.090349	28.917850	0.009373	3.085283	21
4201.126968	28.594610	0.009370	3.051841	22
4202.183327	29.187729	0.009376	3.113123	23
4203.222082	27.442694	0.009386	2.923888	24
4204.275227	28.552807	0.009367	3.048100	25
4205.314039	28.527544	0.009364	3.046663	26
4206.371398	28.504282	0.009373	3.040989	27
4207.408123	28.524616	0.009372	3.043607	28
4208.465009	27.994944	0.009367	2.988761	29
4209.501649	27.801430	0.009370	2.967077	30
4210.558056	28.253489	0.009378	3.012752	31
4211.594621	27.936958	0.009385	2.976634	32
4212.649585	28.871662	0.009378	3.078614	33
4213.687295	28.144846	0.009374	3.002322	34
4214.741732	28.999794	0.009368	3.095765	35
4215.780553	28.451567	0.009386	3.031313	36
4216.835074	29.042746	0.009403	3.088824	37
4217.874454	27.932705	0.009388	2.975253	38
4218.932510	27.773472	0.009376	2.962179	39
4219.965535	28.537502	0.009375	3.044035	40
4221.021339	29.040205	0.009397	3.090331	41
4222.059334	31.241297	0.009371	3.333654	42
4223.115124	29.018917	0.009394	3.089144	43
4224.153477	28.319933	0.009377	3.020026	44
4225.209310	27.973413	0.009353	2.990755	45
4226.246888	28.285543	0.009392	3.011773	46
4227.300998	29.051813	0.009382	3.096691	47
4228.339064	28.552155	0.009378	3.044551	48
4229.394874	31.329473	0.009373	3.342649	49
4230.433521	28.017187	0.009381	2.986651	50
4231.486432	29.040144	0.009361	3.102258	51
4232.526552	28.374041	0.009372	3.027610	52
4233.581309	29.005508	0.009376	3.093492	53
4234.619386	28.270340	0.009374	3.015697	54
4235.673089	29.142149	0.009348	3.117429	55
4236.711876	28.513569	0.009373	3.042084	56
4237.767408	28.905014	0.009371	3.084605	57
4238.805433	28.100809	0.009374	2.997820	58
4239.859750	31.336130	0.009385	3.339037	59
4240.901247	29.109711	0.009384	3.102014	60
4241.955811	28.536413	0.009379	3.042625	61
4242.992592	28.231585	0.009374	3.011731	62
4244.047305	29.007507	0.009380	3.092390	63
4245.085243	28.534639	0.009379	3.042464	64
4246.141843	28.308802	0.009375	3.019618	65
4247.180420	27.654928	0.009359	2.954882	66
4248.234596	28.479027	0.009380	3.036216	67
4249.272701	27.964670	0.009396	2.976189	68
4250.327540	28.997406	0.009361	3.097713	69
4251.368697	26.553522	0.009374	2.832732	70
4252.420218	28.692820	0.009377	3.059804	71
4253.457867	30.301306	0.009370	3.233971	72
4254.514810	28.564919	0.009387	3.043005	73
4255.550431	28.414850	0.009386	3.027481	74
4256.606231	29.125290	0.009384	3.103647	75
4257.644301	28.367662	0.009386	3.022188	76
4258.700407	31.317005	0.009374	3.340933	77
4259.738397	27.876768	0.009383	2.970832	78
4260.793733	28.978292	0.009379	3.089760	79
4261.830506	27.882809	0.009374	2.974502	80
4262.886924	28.932617	0.009377	3.085499	81
4263.923256	28.432610	0.009380	3.031127	82
4264.980858	28.645317	0.009425	3.039280	83
4266.016361	28.397535	0.009373	3.029796	84
4267.071597	29.042425	0.009358	3.103481	85
4268.113341	27.521240	0.009375	2.935630	86
4269.163148	28.799915	0.009375	3.071858	87
4270.205467	27.895397	0.009380	2.974031	88
4271.258191	31.358423	0.009396	3.337409	89
4272.296194	28.114843	0.009357	3.004618	90
4273.352330	28.988218	0.009380	3.090409	91
4274.391007	28.150511	0.009379	3.001595	92
4275.444636	29.200214	0.009373	3.115326	93
4276.484814	27.925478	0.009391	2.973681	94
4277.538928	28.420988	0.009372	3.032676	95
4278.576833	28.049860	0.009350	2.999989	96
4279.631401	29.075769	0.009390	3.096323	97
4280.669436	28.187407	0.009386	3.003049	98
4281.724607	28.900957	0.009390	3.077911	99
4282.763883	27.877586	0.009366	2.976333	100
4283.818354	28.790075	0.009392	3.065448	101
4284.854736	30.443773	0.009373	3.248141	102
4285.915335	27.715113	0.009367	2.958718	103
4286.949093	28.044695	0.009392	2.985967	104
4288.006670	28.575300	0.009424	3.032239	105
4289.042234	28.617258	0.009419	3.038183	106
4290.097051	31.313587	0.009372	3.341229	107
4291.134101	28.384695	0.009374	3.028005	108
4292.190909	28.984034	0.009391	3.086268	109
4293.228200	28.562523	0.009377	3.045956	110
4294.284467	29.071497	0.009372	3.101908	111
4295.322508	28.173138	0.009382	3.002828	112
4296.378601	28.857889	0.009358	3.083618	113
4297.414977	28.399759	0.009376	3.029073	114
4298.471126	29.018276	0.009400	3.087159	115
4299.508673	28.393064	0.009400	3.020664	116
4300.563941	28.975353	0.009369	3.092538	117
4301.601475	28.227379	0.009380	3.009158	118
4302.657107	31.095823	0.009367	3.319713	119
4303.695336	28.319139	0.009379	3.019408	120
4304.750094	29.255573	0.009371	3.121870	121
4305.789415	28.056475	0.009375	2.992734	122
4306.842664	29.048151	0.009379	3.097118	123
4307.881046	28.472330	0.009378	3.035976	124
4308.936497	29.095718	0.009398	3.095894	125
4309.975813	27.955612	0.009390	2.977120	126
4311.030123	28.631994	0.009379	3.052848	127
4312.069697	27.868347	0.009373	2.973159	128
4313.122354	29.039425	0.009365	3.100949	129
4314.160843	28.573126	0.009338	3.059868	130
4315.215342	28.999727	0.009370	3.094911	131
4316.259260	26.629974	0.009362	2.844559	132
4317.312407	27.961891	0.009364	2.986199	133
4318.347398	28.471336	0.009389	3.032334	134
4319.401528	29.088991	0.009401	3.094364	135
4320.441326	28.174389	0.009376	3.005010	136
4321.494786	28.961613	0.009372	3.090113	137
4322.534541	28.312536	0.009401	3.011530	138
4323.588422	28.758718	0.009386	3.064014	139
4324.628171	28.268827	0.009383	3.012617	140
4325.682058	29.055624	0.009381	3.097270	141
4326.720647	28.539316	0.009370	3.045726	142
4327.775072	28.993942	0.009397	3.085373	143
4328.814600	28.130577	0.009357	3.006245	144
4329.870098	28.726274	0.009376	3.063743	145
4330.905559	28.419796	0.009397	3.024367	146
4331.961911	28.964912	0.009376	3.089115	147
4332.997201	28.788139	0.009373	3.071333	148
4334.055964	28.983080	0.009372	3.092511	149
4335.091894	28.377296	0.009378	3.025983	150
4336.149811	28.933889	0.009374	3.086627	151
4337.187660	27.542337	0.009379	2.936479	152
4338.242451	28.651499	0.009372	3.057132	153
4339.279337	28.328741	0.009388	3.017699	154
4340.335460	28.999369	0.009374	3.093705	155
4341.372049	28.284292	0.009358	3.022541	156
4342.430762	28.537729	0.009374	3.044232	157
4343.465440	28.307543	0.009392	3.014141	158
4344.522561	28.691820	0.009370	3.062135	159
4345.559524	28.013268	0.009388	2.984038	160
4346.614870	29.030979	0.009390	3.091813	161
4347.652717	28.868107	0.009367	3.081800	162
4348.707973	29.079428	0.009392	3.096333	163
4349.745465	28.230999	0.009380	3.009626	164
4350.803156	28.583036	0.009380	3.047202	165
4351.837953	28.232004	0.009390	3.006577	166
4352.895464	31.101730	0.009372	3.318610	167
4353.931841	28.103399	0.009378	2.996643	168
4354.987438	29.204906	0.009375	3.115038	169
4356.025512	27.819426	0.009366	2.970380	170
4357.080726	28.966349	0.009354	3.096729	171
4358.117403	28.620083	0.009370	3.054467	172
4359.177027	28.403524	0.009375	3.029865	173
4360.209933	28.688103	0.009393	3.054144	174
4361.266842	29.119787	0.009375	3.106029	175
4362.304354	28.382555	0.009379	3.026326	176
4363.360715	29.157644	0.009409	3.098971	177
4364.396810	28.462879	0.009369	3.037897	178
4365.454549	31.094082	0.009378	3.315656	179
4366.490707	28.252743	0.009377	3.013057	180
4367.546454	29.198582	0.009370	3.116183	181
4368.582412	28.731163	0.009370	3.066195	182
4369.642340	28.479338	0.009380	3.036235	183
4370.676237	28.041086	0.009374	2.991480	184
4371.734258	29.033882	0.009376	3.096459	185
4372.770203	28.428900	0.009376	3.032044	186
4373.826794	29.107872	0.009396	3.097757	187
4374.863453	28.245914	0.009408	3.002335	188
4375.921037	28.724756	0.009390	3.059102	189
4376.956641	28.580673	0.009402	3.039965	190
4378.012835	28.924740	0.009376	3.084901	191
4379.052788	28.355862	0.009376	3.024217	192
4380.105125	29.187447	0.009400	3.104913	193
4381.143993	27.995972	0.009377	2.985752	194
4382.199534	28.591448	0.009370	3.051471	195
4383.239412	27.650930	0.009359	2.954628	196
4384.295659	27.960649	0.009379	2.981137	197
4385.330608	28.460871	0.009371	3.037073	198
4386.385201	28.808018	0.009380	3.071065	199
4387.424269	28.397015	0.009386	3.025323	200
4388.479783	28.521019	0.009391	3.037015	201
4389.522704	26.445597	0.009363	2.824613	202
4390.570950	28.758926	0.009402	3.058775	203
4391.610539	28.510399	0.009384	3.038169	204
4392.664806	28.992191	0.009380	3.090833	205
4393.703375	30.413069	0.009355	3.251062	206
4394.757299	31.348751	0.009397	3.336134	207
4395.797024	28.312212	0.009378	3.018866	208
4396.851141	28.990351	0.009394	3.086205	209
4397.889274	28.627142	0.009373	3.054056	210
4398.943397	29.081245	0.009385	3.098623	211
4399.983568	28.292835	0.009371	3.019230	212
4401.036785	28.749296	0.009388	3.062380	213
4402.077291	28.066675	0.009374	2.993978	214
4403.131901	28.488821	0.009374	3.039248	215
4404.170422	28.257429	0.009353	3.021224	216
4405.223641	29.030926	0.009386	3.093136	217
4406.264921	27.674122	0.009383	2.949398	218
4407.315932	29.049654	0.009376	3.098355	219
4408.357108	27.921230	0.009380	2.976776	220
4409.410309	29.214037	0.009398	3.108645	221
4410.449834	28.337484	0.009370	3.024324	222
4411.504905	28.542091	0.009372	3.045383	223
4412.541921	28.557886	0.009365	3.049433	224
4413.598009	29.051271	0.009377	3.098080	225
4414.637604	27.815981	0.009372	2.968023	226
4415.690803	28.656626	0.009394	3.050525	227
4416.730693	27.824074	0.009373	2.968466	228
4417.783375	29.118822	0.009388	3.101851	229
4418.820893	28.692873	0.009373	3.061323	230
4419.877243	29.024340	0.009373	3.096475	231
4420.914545	28.581224	0.009373	3.049362	232
4421.972057	28.087603	0.009378	2.995151	233
4423.010038	27.715899	0.009381	2.954565	234
4424.064863	28.384888	0.009367	3.030292	235
4425.102322	27.844719	0.009372	2.971208	236
4426.156932	29.041529	0.009379	3.096306	237
4427.195078	28.059917	0.009381	2.991076	238
4428.251310	28.464779	0.009367	3.038841	239
4429.289858	27.534822	0.009378	2.936044	240
4430.344388	28.564552	0.009380	3.045208	241
4431.386192	26.534306	0.009353	2.837050	242
4432.437342	28.598135	0.009380	3.048693	243
4433.473376	28.589407	0.009352	3.056993	244
4434.529643	29.090473	0.009374	3.103263	245
4435.567813	28.049946	0.009403	2.983008	246
4436.622632	29.088291	0.009396	3.095974	247
4437.659255	28.489153	0.009374	3.039217	248
4438.718033	28.477814	0.009381	3.035758	249
4439.752856	30.295135	0.009391	3.225810	250
4440.810189	29.046822	0.009370	3.099919	251
4441.847233	28.119574	0.009376	2.998974	252
4442.902278	28.967669	0.009365	3.093063	253
4443.940014	28.332869	0.009375	3.022045	254
4444.995916	28.946613	0.009342	3.098633	255
4446.033708	28.371555	0.009341	3.037467	0
4447.088442	29.077042	0.009395	3.095024	1
4448.126639	28.403833	0.009396	3.023019	2
4449.182320	28.997654	0.009376	3.092867	3
4450.221905	27.704445	0.009379	2.953902	4
4451.275143	29.011766	0.009391	3.089411	5
4452.313086	29.107481	0.009377	3.104059	6
4453.367908	28.998034	0.009363	3.097150	7
4454.407243	28.455082	0.009369	3.037256	8
4455.462293	28.962868	0.009375	3.089233	9
4456.498248	28.731621	0.009374	3.065173	10
4457.554993	31.280796	0.009373	3.337373	11
4458.592724	29.786076	0.009399	3.168980	12
4459.648420	29.001621	0.009380	3.091917	13
4460.688183	27.787149	0.009381	2.962171	14
4461.743057	28.392843	0.009378	3.027729	15
4462.779816	27.780886	0.009391	2.958326	16
4463.834455	29.023321	0.009394	3.089639	17
4464.872905	28.110426	0.009394	2.992328	18
4465.928532	28.908997	0.009394	3.077279	19
4466.965989	28.072363	0.009382	2.992129	20
4468.022010	28.387533	0.009368	3.030107	21
4469.059076	28.029921	0.009374	2.990153	22
4470.114078	28.824512	0.009370	3.076092	23
4471.152973	28.006752	0.009388	2.983251	24
4472.207429	29.010468	0.009377	3.093632	25
4473.247490	27.616274	0.009374	2.946168	26
4474.300507	28.350372	0.009360	3.028877	27
4475.338484	28.239378	0.009376	3.011771	28
4476.393492	31.325525	0.009375	3.341308	29
4477.430992	28.522552	0.009402	3.033705	30
4478.486897	29.050896	0.009389	3.094039	31
4479.524620	28.034670	0.009370	2.992017	32
4480.581053	28.562189	0.009359	3.051789	33
4481.619439	27.672636	0.009379	2.950524	34
4482.673903	29.071907	0.009404	3.091279	35
4483.710467	28.360361	0.009368	3.027290	36
4484.766208	29.155069	0.009424	3.093807	37
4485.804573	28.314981	0.009368	3.022431	38
4486.860046	28.970341	0.009374	3.090609	39
4487.898189	28.360868	0.009381	3.023248	40
4488.952555	29.021658	0.009390	3.090634	41
4489.990700	28.431725	0.009366	3.035754	42
4491.045069	28.645071	0.009375	3.055417	43
4492.085961	27.768389	0.009391	2.956895	44
4493.140085	28.651934	0.009371	3.057626	45
4494.178036	28.096092	0.009390	2.992228	46
4495.234051	28.506224	0.009379	3.039260	47
4496.272126	27.931305	0.009386	2.975809	48
4497.325567	28.992586	0.009371	3.093733	49
4498.363293	28.151138	0.009397	2.995890	50
4499.418370	28.991631	0.009373	3.093038	51
4500.457831	27.960613	0.009364	2.986082	52
4501.512828	29.061132	0.009378	3.098967	53
4502.548252	28.860666	0.009374	3.078935	54
4503.605317	29.044842	0.009372	3.099149	55
4504.644524	28.140575	0.009386	2.998091	56
4505.699742	28.677570	0.009426	3.042547	57
4506.735918	27.959011	0.009377	2.981745	58
4507.794238	28.539602	0.009374	3.044622	59
4508.829041	28.444429	0.009378	3.032984	60
4509.886103	28.954273	0.009366	3.091575	61
4510.921570	28.613195	0.009378	3.051037	62
4511.979544	28.661066	0.009376	3.056944	63
4513.015886	29.045898	0.009382	3.095897	64
4514.073542	28.286690	0.009384	3.014503	65
4515.108412	28.392551	0.009370	3.030040	66
4516.165909	29.045551	0.009379	3.097001	67
4517.202425	28.031309	0.009386	2.986608	68
4518.261301	28.516951	0.009376	3.041358	69
4519.295935	28.837000	0.009373	3.076686	70
4520.352271	29.027445	0.009386	3.092765	71
4521.388417	28.502621	0.009391	3.035018	72
4522.446814	28.319536	0.009384	3.017710	73
4523.481729	28.232241	0.009387	3.007491	74
4524.538080	28.998003	0.009393	3.087296	75
4525.572828	29.347429	0.009382	3.127895	76
4526.630918	28.615162	0.009349	3.060847	77
4527.669046	28.220352	0.009376	3.009841	78
4528.724112	29.011860	0.009388	3.090276	79
4529.761849	28.484049	0.009352	3.045638	80
4530.818447	28.636225	0.009390	3.049590	81
4531.855417	30.982080	0.009382	3.302421	82
4532.910244	29.014259	0.009370	3.096430	83
4533.948231	28.421656	0.009398	3.024228	84
4535.004349	28.969767	0.009394	3.083737	85
4536.040209	28.562803	0.009366	3.049476	86
4537.096370	29.073599	0.009370	3.102936	87
4538.134590	28.355082	0.009375	3.024583	88
4539.190289	28.974426	0.009382	3.088186	89
4540.228255	28.111137	0.009379	2.997119	90
4541.284177	28.928938	0.009360	3.090812	91
4542.320546	28.384722	0.009378	3.026895	92
4543.376693	28.915195	0.009385	3.081163	93
4544.414413	28.415970	0.009386	3.027512	94
4545.470320	29.061842	0.009378	3.098891	95
4546.507941	28.008490	0.009373	2.988178	96
4547.562812	29.218069	0.009433	3.097315	97
4548.602126	27.878065	0.009366	2.976644	98
4549.655287	31.317013	0.009375	3.340605	99
4550.694581	28.747610	0.009380	3.064616	100
4551.749464	28.617197	0.009387	3.048669	101
4552.787949	27.968500	0.009433	2.964843	102
4553.842527	28.687603	0.009398	3.052610	103
4554.880697	27.884892	0.009401	2.966134	104
4555.936699	28.534948	0.009376	3.043294	105
4556.973555	28.488508	0.009389	3.034329	106
4558.031058	28.534962	0.009386	3.040316	107
4559.067411	28.087284	0.009376	2.995760	108
4560.121946	29.038733	0.009387	3.093658	109
4561.161271	27.927233	0.009370	2.980342	110
4562.215557	29.073694	0.009379	3.099823	111
4563.255188	28.527058	0.009418	3.028974	112
4564.309044	28.273973	0.009375	3.015846	113
4565.347337	27.954344	0.009365	2.985006	114
4566.404331	28.754574	0.009357	3.073210	115
4567.439581	28.396696	0.009375	3.029007	116
4568.495701	31.026344	0.009376	3.309146	117
4569.533347	28.010386	0.009373	2.988513	118
4570.589570	28.716200	0.009375	3.063129	119
4571.633096	25.398663	0.009371	2.710380	120
4572.683532	28.641109	0.009381	3.053185	121
4573.717873	30.203646	0.009390	3.216666	122
4574.776025	28.976381	0.009371	3.091972	123
4575.809924	28.782467	0.009368	3.072419	124
4576.869103	28.934416	0.009367	3.088873	125
4577.905895	27.893095	0.009364	2.978855	126
4578.962948	29.017639	0.009380	3.093706	127
4579.997281	28.127308	0.009392	2.994678	128
4581.055733	31.342426	0.009393	3.336865	129
4582.090812	28.368008	0.009371	3.027103	130
4583.148789	28.778801	0.009400	3.061661	131
4584.186065	28.074608	0.009357	3.000241	132
4585.241116	29.000820	0.009385	3.090197	133
4586.282715	27.124659	0.009376	2.893134	134
4587.334738	28.674044	0.009387	3.054543	135
4588.372743	28.113209	0.009360	3.003607	136
4589.426411	28.996723	0.009384	3.090171	137
4590.464552	28.128839	0.009355	3.006711	138
4591.518901	28.963396	0.009381	3.087506	139
4592.558411	29.719046	0.009397	3.162606	140
4593.613032	29.074823	0.009392	3.095594	141
4594.652561	28.190769	0.009373	3.007605	142
4595.706252	28.964607	0.009377	3.089001	143
4596.744489	27.889021	0.009403	2.965906	144
4597.800927	28.588272	0.009423	3.034038	145
4598.837323	28.453571	0.009378	3.034004	146
4599.893486	29.169056	0.009423	3.095606	147
4600.933846	27.117378	0.009374	2.892781	148
4601.986237	28.979504	0.009377	3.090485	149
4603.023924	28.225992	0.009366	3.013728	150
4604.081037	28.522968	0.009352	3.050060	151
4605.119120	29.377800	0.009381	3.131791	152
4606.173498	29.042768	0.009376	3.097565	153
4607.210097	28.458410	0.009386	3.031953	154
4608.269258	28.315510	0.009376	3.020142	155
4609.303970	28.547092	0.009415	3.032123	156
4610.360352	31.380507	0.009397	3.339319	157
4611.396802	29.472862	0.009409	3.132369	158
4612.452905	29.054283	0.009380	3.097420	159
4613.490658	27.962801	0.009373	2.983283	160
4614.546499	29.026312	0.009357	3.102202	161
4615.584560	27.803265	0.009379	2.964368	162
4616.639756	28.785915	0.009370	3.072247	163
4617.675928	28.648771	0.009398	3.048323	164
4618.734064	28.540615	0.009372	3.045280	165
4619.768156	28.770296	0.009374	3.069262	166
4620.826087	28.626312	0.009367	3.056233	167
4621.862209	28.313066	0.009375	3.020147	168
4622.918720	31.235401	0.009377	3.331049	169
4623.956669	30.775841	0.009377	3.281947	170
4625.011711	31.254520	0.009355	3.340790	171
4626.049221	28.343758	0.009374	3.023789	172
4627.105579	29.053110	0.009394	3.092766	173
4628.141727	28.311472	0.009394	3.013868	174
4629.198614	28.854713	0.009379	3.076554	175
4630.233970	28.439638	0.009370	3.035103	176
4631.291870	31.263968	0.009360	3.340283	177
4632.326894	28.817234	0.009370	3.075359	178
4633.387089	28.518137	0.009364	3.045517	179
4634.422217	28.425961	0.009425	3.015878	180
4635.479297	29.036015	0.009403	3.087875	181
4636.514786	28.420507	0.009371	3.032682	182
4637.572315	28.851952	0.009353	3.084771	183
4638.607591	28.431881	0.009380	3.031170	184
4639.665522	29.038256	0.009374	3.097848	185
4640.701452	28.261040	0.009376	3.014315	186
4641.758676	28.901514	0.009355	3.089376	187
4642.794525	28.741932	0.009381	3.063930	188
4643.852373	29.208992	0.009377	3.115064	189
4644.888862	27.803507	0.009364	2.969110	190
4645.947337	28.511536	0.009375	3.041277	191
4646.981437	27.987392	0.009393	2.979554	192
4648.038208	29.123236	0.009401	3.097776	193
4649.073938	28.122343	0.009374	2.999887	194
4650.131632	28.671101	0.009355	3.064883	195
4651.166937	28.159767	0.009399	2.995890	196
4652.224788	29.249540	0.009374	3.120426	197
4653.261335	28.170860	0.009369	3.006953	198
4654.318385	28.620413	0.009384	3.049754	199
4655.354284	28.010319	0.009395	2.981278	200
4656.411456	28.935667	0.009360	3.091311	201
4657.446326	28.494186	0.009387	3.035581	202
4658.504248	28.727104	0.009378	3.063217	203
4659.538770	28.471739	0.009339	3.048531	204
4660.598111	31.292599	0.009367	3.340714	205
4661.633936	28.030893	0.009388	2.985932	206
4662.690646	29.152569	0.009416	3.096034	207
4663.726862	28.048389	0.009376	2.991569	208
4664.784776	28.592993	0.009373	3.050649	209
4665.819609	28.099466	0.009375	2.997385	210
4666.877865	28.611122	0.009376	3.051456	211
4667.914604	27.822943	0.009391	2.962670	212
4668.970304	28.936401	0.009368	3.088775	213
4670.005965	28.460907	0.009399	3.028205	214
4671.063260	29.153513	0.009375	3.109603	215
4672.101248	27.750402	0.009382	2.957695	216
4673.157574	31.306650	0.009368	3.341730	217
4674.192427	28.367832	0.009379	3.024579	218
4675.250205	28.672226	0.009368	3.060544	219
4676.284162	28.758871	0.009366	3.070505	220
4677.342895	29.037422	0.009387	3.093308	221
4678.379027	28.101034	0.009366	3.000206	222
4679.436763	29.115915	0.009434	3.086247	223
4680.472664	28.018591	0.009376	2.988447	224
4681.531172	28.512684	0.009383	3.038751	225
4682.565669	28.356218	0.009381	3.022775	226
4683.622250	28.488438	0.009375	3.038670	227
4684.658179	31.284723	0.009370	3.338720	228
4685.715877	29.097548	0.009390	3.098718	229
4686.751768	28.376335	0.009381	3.024845	230
4687.809712	28.976845	0.009380	3.089229	231
4688.844062	28.534304	0.009388	3.039491	232
4689.902209	29.048061	0.009383	3.095689	233
4690.938143	28.368261	0.009396	3.019053	234
4692.000303	27.588732	0.009360	2.947452	235
4693.033482	27.638456	0.009381	2.946312	236
4694.092111	27.909407	0.009365	2.980298	237
4695.124435	28.362034	0.009367	3.027846	238
4696.181622	29.398911	0.009368	3.138344	239
4697.217277	28.585066	0.009386	3.045367	240
4698.275393	28.562630	0.009364	3.050332	241
4699.312544	27.729397	0.009379	2.956411	242
4700.368657	28.567156	0.009376	3.046804	243
4701.406348	28.273321	0.009399	3.008132	244
4702.461613	31.333342	0.009383	3.339446	245
4703.499798	29.339216	0.009375	3.129411	246
4704.555623	28.079779	0.009382	2.993064	247
4705.594146	27.709974	0.009386	2.952156	248
4706.647352	28.621666	0.009374	3.053385	249
4707.685712	28.110731	0.009409	2.987721	250
4708.740377	28.629091	0.009394	3.047617	251
4709.778325	28.295549	0.009393	3.012369	252
4710.832391	29.168051	0.009370	3.112787	253
4711.871025	28.256338	0.009355	3.020294	254
4712.927942	28.622362	0.009387	3.049144	255
4713.965963	30.348047	0.009397	3.229564	0
4715.019070	29.045183	0.009385	3.094982	1
4716.056104	28.704557	0.009339	3.073751	2
4717.112906	28.483866	0.009374	3.038449	3
4718.150627	28.403910	0.009378	3.028626	4
4719.206555	29.093773	0.009379	3.102111	5
4720.246100	27.752136	0.009381	2.958333	6
4721.299334	31.409929	0.009396	3.342964	7
4722.337499	28.559532	0.009399	3.038664	8
4723.393738	28.511787	0.009365	3.044343	9
4724.431004	28.107946	0.009388	2.993965	10
4725.485628	29.047741	0.009377	3.097636	11
4726.524498	28.353151	0.009347	3.033361	12
4727.580713	28.492985	0.009374	3.039560	13
4728.617322	28.460833	0.009392	3.030240	14
4729.671879	28.897219	0.009375	3.082481	15
4730.710073	28.025541	0.009361	2.993727	16
4731.767331	28.619455	0.009392	3.047175	17
4732.802899	29.736416	0.009399	3.163694	18
4733.859323	31.187248	0.009381	3.324387	19
4734.895702	28.368879	0.009382	3.023879	20
4735.953023	28.999186	0.009366	3.096092	21
4736.989885	28.045723	0.009373	2.992331	22
4738.045408	28.928129	0.009369	3.087781	23
4739.084468	27.853283	0.009373	2.971804	24
4740.145081	26.900898	0.009357	2.874917	25
4741.176174	28.170042	0.009397	2.997868	26
4742.230501	29.075724	0.009373	3.102229	27
4743.271585	27.722015	0.009384	2.954226	28
4744.326281	28.521076	0.009367	3.044816	29
4745.362930	29.865059	0.009374	3.185993	30
4746.417689	28.994322	0.009367	3.095210	31
4747.455660	28.368044	0.009398	3.018558	32
4748.512895	28.468716	0.009382	3.034487	33
4749.548894	28.361311	0.009358	3.030636	34
4750.605478	28.559336	0.009353	3.053526	35
4751.642571	28.190161	0.009390	3.002064	36
4752.697393	31.238045	0.009355	3.339126	37
4753.735366	28.374939	0.009403	3.017777	38
4754.791245	28.949081	0.009364	3.091509	39
4755.827598	28.476395	0.009352	3.044918	40
4756.886627	28.092014	0.009380	2.994744	41
4757.923178	27.790674	0.009387	2.960620	42
4758.977938	28.673693	0.009369	3.060446	43
4760.014737	28.410503	0.009394	3.024345	44
4761.071853	28.588078	0.009364	3.053061	45
4762.108685	28.156540	0.009379	3.002074	46
4763.164430	29.078037	0.009358	3.107260	47
4764.201281	30.989073	0.009373	3.306249	48
4765.259829	28.538960	0.009372	3.045138	49
4766.295090	27.868643	0.009369	2.974450	50
4767.350366	29.089678	0.009397	3.095657	51
4768.388084	28.153425	0.009381	3.001166	52
4769.444220	28.999794	0.009389	3.088623	53
4770.480156	28.377758	0.009386	3.023441	54
4771.538093	29.014959	0.009380	3.093242	55
4772.573848	28.064159	0.009370	2.995227	56
4773.630576	29.033058	0.009375	3.096939	57
4774.666525	28.238569	0.009404	3.002779	58
4775.724693	28.970690	0.009378	3.089218	59
4776.759543	30.456720	0.009370	3.250410	60
4777.816968	29.088675	0.009385	3.099617	61
4778.853127	28.403507	0.009385	3.026484	62
4779.909458	29.017040	0.009373	3.095658	63
4780.948930	27.724808	0.009376	2.956894	64
4782.003872	31.449875	0.009406	3.343560	65
4783.039836	28.060152	0.009397	2.986148	66
4784.095305	29.122046	0.009373	3.106919	67
4785.132076	28.739311	0.009369	3.067496	68
4786.190014	29.204454	0.009399	3.107183	69
4787.226205	28.485294	0.009360	3.043294	70
4788.286307	27.841269	0.009394	2.963718	71
4789.319478	28.444159	0.009394	3.028022	72
4790.375601	29.121916	0.009385	3.103173	73
4791.413284	28.160360	0.009360	3.008573	74
4792.469432	29.094656	0.009397	3.096303	75
4793.506921	27.892694	0.009371	2.976594	76
4794.567677	27.465588	0.009366	2.932560	77
4795.599463	28.036135	0.009343	3.000882	78
4796.660777	27.534805	0.009368	2.939222	79
4797.690889	28.238014	0.009375	3.012090	80
4798.748864	29.107407	0.009393	3.098701	81
4799.785502	28.274012	0.009377	3.015325	82
4800.842749	28.646358	0.009389	3.051127	83
4801.879409	27.934645	0.009389	2.975384	84
4802.935830	29.041492	0.009373	3.098366	85
4803.972202	28.132952	0.009379	2.999559	86
4805.028629	28.929783	0.009371	3.087155	87
4806.064767	28.403870	0.009372	3.030824	88
4807.122224	28.676291	0.009397	3.051662	89
4808.158134	28.273148	0.009395	3.009272	90
4809.214293	29.262207	0.009432	3.102503	91
4810.252026	28.228115	0.009376	3.010695	92
4811.312161	27.809895	0.009380	2.964789	93
4812.345273	28.241829	0.009375	3.012616	94
4813.401497	31.241930	0.009377	3.331869	95
4814.438096	28.483116	0.009390	3.033273	96
4815.499267	28.387276	0.009374	3.028146	97
4816.531928	28.566456	0.009393	3.041138	98
4817.586735	28.884329	0.009350	3.089155	99
4818.626070	27.977795	0.009367	2.986979	100
4819.680384	29.022465	0.009376	3.095420	101
4820.718537	28.612602	0.009402	3.043261	102
4821.772585	29.192255	0.009371	3.115025	103
4822.811552	28.491716	0.009372	3.040014	104
4823.865831	29.087286	0.009357	3.108625	105
4824.908698	26.970898	0.009380	2.875230	106
4825.959481	31.298243	0.009360	3.343891	107
4826.997980	28.479250	0.009395	3.031414	108
4828.053674	29.141272	0.009377	3.107833	109
4829.091037	28.589615	0.009368	3.051963	110
4830.147017	29.093596	0.009372	3.104450	111
4831.185509	28.562805	0.009378	3.045758	112
4832.239217	29.101261	0.009408	3.093150	113
4833.278729	28.205980	0.009377	3.008067	114
4834.332813	29.026125	0.009383	3.093469	115
4835.371105	28.374987	0.009360	3.031506	116
4836.425802	28.896338	0.009373	3.082883	117
4837.465060	28.043076	0.009397	2.984243	118
4838.519701	28.622013	0.009397	3.045760	119
4839.556564	28.347261	0.009373	3.024406	120
4840.613757	28.301889	0.009389	3.014455	121
4841.650453	28.338230	0.009395	3.016247	122
4842.707727	28.553038	0.009379	3.044403	123
4843.744584	27.998884	0.009371	2.987958	124
4844.799661	29.009165	0.009375	3.094449	125
4845.839266	27.458941	0.009370	2.930500	126
4846.892446	29.014143	0.009377	3.094070	127
4847.931883	27.832079	0.009359	2.973870	128
4848.986323	28.866522	0.009376	3.078913	129
4850.024099	27.924963	0.009372	2.979646	130
4851.080553	28.486328	0.009385	3.035246	131
4852.117048	28.286406	0.009378	3.016279	132
4853.171357	28.986975	0.009363	3.095919	133
4854.209307	28.504152	0.009388	3.036138	134
4855.265210	29.028341	0.009377	3.095833	135
4856.303397	29.800520	0.009383	3.176144	136
4857.358460	28.866503	0.009367	3.081617	137
4858.396694	28.326584	0.009383	3.018923	138
4859.451250	28.802956	0.009375	3.072293	139
4860.490382	27.964281	0.009373	2.983382	140
4861.544676	29.062929	0.009376	3.099715	141
4862.586329	26.871012	0.009384	2.863362	142
4863.637889	29.026842	0.009387	3.092248	143
4864.675840	28.399378	0.009392	3.023751	144
4865.731763	28.978262	0.009381	3.089106	145
4866.770050	28.009239	0.009366	2.990681	146
4867.824856	28.964211	0.009358	3.095187	147
4868.861702	30.728697	0.009396	3.270235	148
4869.917667	29.120943	0.009418	3.091954	149
4870.957154	27.738304	0.009392	2.953276	150
4872.013128	28.316113	0.009379	3.019127	151
4873.049811	28.118998	0.009369	3.001273	152
4874.104251	28.568054	0.009356	3.053500	153
4875.141454	28.629734	0.009392	3.048180	154
4876.198805	28.590502	0.009389	3.045236	155
4877.234896	28.084137	0.009394	2.989450	156
4878.290134	28.966545	0.009375	3.089812	157
4879.329843	28.003851	0.009384	2.984285	158
4880.383150	29.073750	0.009396	3.094277	159
4881.421583	28.132154	0.009365	3.003882	160
4882.476994	28.633030	0.009389	3.049520	161
4883.515218	28.430038	0.009375	3.032484	162
4884.570063	29.084829	0.009417	3.088482	163
4885.608216	28.342514	0.009387	3.019463	164
4886.663861	28.885624	0.009357	3.086921	165
4887.700178	30.216787	0.009367	3.225888	166
4888.756454	28.962952	0.009358	3.094959	167
4889.796187	27.823143	0.009389	2.963388	168
4890.849194	28.826073	0.009371	3.075983	169
4891.890152	27.622570	0.009375	2.946528	170
4892.943094	29.137440	0.009375	3.108088	171
4893.983210	27.495632	0.009371	2.934061	172
4895.037335	28.391003	0.009388	3.024232	173
4896.074538	28.288324	0.009375	3.017465	174
4897.128655	29.091080	0.009392	3.097380	175
4898.166045	28.704788	0.009353	3.068961	176
4899.222332	29.097122	0.009376	3.103219	177
4900.260693	29.561270	0.009374	3.153629	178
4901.314762	29.055273	0.009371	3.100387	179
4902.354557	28.368587	0.009376	3.025540	180
4903.408872	28.983717	0.009399	3.083738	181
4904.448221	28.010780	0.009368	2.989940	182
4905.500612	31.332378	0.009386	3.338114	183
4906.540816	28.185642	0.009368	3.008719	184
4907.595348	29.012455	0.009382	3.092356	185
4908.633521	28.367908	0.009390	3.020996	186
4909.689053	28.623106	0.009365	3.056354	187
4910.729002	27.464371	0.009378	2.928634	188
4911.782239	28.412745	0.009373	3.031430	189
4912.819579	28.236103	0.009370	3.013484	190
4913.875034	28.632925	0.009379	3.052809	191
4914.913551	28.323650	0.009366	3.024163	192
4915.968236	29.073206	0.009401	3.092484	193
4917.006188	28.343105	0.009394	3.017304	194
4918.060511	31.304554	0.009370	3.340985	195
4919.100029	28.370880	0.009375	3.026311	196
4920.157711	27.895485	0.009379	2.974212	197
4921.194297	27.810183	0.009372	2.967281	198
4922.247474	29.074831	0.009392	3.095589	199
4923.286823	28.271400	0.009353	3.022861	200
4924.341328	28.970175	0.009375	3.090162	201
4925.379282	28.413778	0.009378	3.029756	202
4926.435067	28.450863	0.009370	3.036295	203
4927.473066	28.011221	0.009369	2.989871	204
4928.529093	28.569326	0.009377	3.046736	205
4929.567127	27.695679	0.009363	2.957908	206
4930.620482	29.151838	0.009373	3.110133	207
4931.658466	28.333267	0.009384	3.019476	208
4932.714372	29.067671	0.009393	3.094485	209
4933.750988	28.120480	0.009374	2.999913	210
4934.806634	29.062464	0.009370	3.101527	211
4935.845935	28.084103	0.009399	2.987905	212
4936.900717	31.342306	0.009374	3.343689	213
4937.940487	27.597422	0.009372	2.944811	214
4938.993518	28.992073	0.009376	3.092000	215
4940.032651	28.115137	0.009373	2.999581	216
4941.087459	29.023260	0.009381	3.093961	217
4942.123757	28.529684	0.009366	3.046124	218
4943.180025	29.089905	0.009399	3.094969	219
4944.217728	28.412439	0.009377	3.030139	220
4945.275333	28.543423	0.009383	3.042105	221
4946.311806	27.843550	0.009381	2.968004	222
4947.366656	29.016663	0.009389	3.090609	223
4948.405875	27.779793	0.009364	2.966583	224
4949.460275	31.332235	0.009376	3.341758	225
4950.497608	28.286259	0.009390	3.012255	226
4951.553185	29.162268	0.009385	3.107362	227
4952.589891	28.503931	0.009367	3.043032	228
4953.645753	29.061941	0.009375	3.099868	229
4954.683577	28.441359	0.009355	3.040200	230
4955.739378	28.781637	0.009370	3.071578	231
4956.778087	28.078573	0.009371	2.996179	232
4957.832208	29.051683	0.009376	3.098375	233
4958.869391	28.637886	0.009368	3.057018	234
4959.927412	29.077730	0.009362	3.105953	235
4960.962949	30.177816	0.009392	3.213118	236
4962.019086	29.052729	0.009386	3.095246	237
4963.056636	27.940371	0.009366	2.983271	238
4964.112364	29.069202	0.009386	3.097161	239
4965.150323	28.224237	0.009379	3.009257	240
4966.206486	28.926146	0.009377	3.084893	241
4967.242797	28.506927	0.009370	3.042402	242
4968.299945	31.226538	0.009361	3.335902	243
4969.336436	28.382504	0.009378	3.026598	244
4970.394087	28.483879	0.009382	3.035913	245
4971.430334	28.444977	0.009369	3.036031	246
4972.488966	27.888506	0.009380	2.973173	247
4973.524099	27.998957	0.009367	2.989000	248
4974.579101	28.880676	0.009388	3.076439	249
4975.618137	27.743568	0.009393	2.953622	250
4976.672792	28.922005	0.009350	3.093131	251
4977.708659	28.604467	0.009364	3.054661	252
4978.765335	30.973776	0.009372	3.304851	253
4979.801587	30.864170	0.009368	3.294798	254
4980.856739	29.250481	0.009368	3.122277	255
4981.895653	28.531921	0.009372	3.044447	0
4982.950265	28.974594	0.009356	3.096989	1
4983.988074	28.593946	0.009353	3.057035	2
4985.043399	29.208344	0.009367	3.118063	3
4986.082085	28.425785	0.009399	3.024314	4
4987.138010	29.029753	0.009379	3.095253	5
4988.175758	28.528004	0.009379	3.041662	6
4989.231073	29.149151	0.009423	3.093324	7
4990.270455	27.709419	0.009374	2.956052	8
4991.324939	28.957693	0.009374	3.089096	9
4992.361496	30.207241	0.009378	3.221239	10
4993.417226	29.064737	0.009382	3.098052	11
4994.455385	27.822643	0.009389	2.963455	12
4995.511590	28.872065	0.009361	3.084332	13
4996.547995	28.338799	0.009389	3.018181	14
4997.604129	31.364079	0.009383	3.342630	15
4998.640237	28.526503	0.009375	3.042865	16
4999.697583	29.070860	0.009380	3.099328	17
5000.736081	27.920540	0.009381	2.976222	18
5001.792663	28.468410	0.009382	3.034371	19
5002.828207	28.185581	0.009391	3.001200	20
5003.883060	29.034342	0.009368	3.099452	21
5004.921027	28.432753	0.009385	3.029752	22
5005.978790	28.434534	0.009374	3.033342	23
5007.013581	28.468176	0.009392	3.030951	24
5008.069693	29.007538	0.009367	3.096887	25
5009.107429	28.567608	0.009403	3.038160	26
5010.162946	31.222900	0.009381	3.328436	27
5011.201076	30.293242	0.009370	3.232906	28
5012.257391	30.910973	0.009342	3.308932	29
5013.294549	28.327618	0.009391	3.016577	30
5014.349187	29.171881	0.009391	3.106479	31
5015.389191	27.645243	0.009375	2.948977	32
5016.444988	28.142239	0.009370	3.003501	33
5017.480137	28.084427	0.009370	2.997404	34
5018.535801	28.969887	0.009357	3.096093	35
5019.575260	27.903717	0.009383	2.973758	36
5020.629968	28.572981	0.009373	3.048592	37
5021.666543	28.456070	0.009391	3.030187	38
5022.722438	29.069557	0.009395	3.094023	39
5023.760912	27.905701	0.009374	2.976927	40
5024.816033	28.861437	0.009388	3.074212	41
5025.853198	28.439980	0.009371	3.034881	42
5026.908226	28.921682	0.009380	3.083269	43
5027.944738	28.728346	0.009374	3.064549	44
5029.001582	31.380089	0.009399	3.338786	45
5030.040994	28.073387	0.009384	2.991554	46
5031.094076	29.030546	0.009375	3.096660	47
5032.133596	28.137413	0.009387	2.997505	48
5033.188218	28.689730	0.009390	3.055328	49
5034.228143	27.765858	0.009387	2.958015	50
5035.281498	28.535021	0.009379	3.042571	51
5036.319509	28.218901	0.009374	3.010324	52
5037.374308	28.944660	0.009376	3.087204	53
5038.413453	28.027248	0.009372	2.990597	54
5039.467744	29.050629	0.009375	3.098729	55
5040.506129	27.886148	0.009389	2.970107	56
5041.561442	28.812374	0.009391	3.068022	57
5042.599433	27.868847	0.009384	2.969677	58
5043.653526	29.150780	0.009395	3.102771	59
5044.693289	28.103775	0.009362	3.002036	60
5045.749497	28.379854	0.009357	3.033000	61
5046.785283	28.479229	0.009357	3.043522	62
5047.841051	28.973549	0.009356	3.096871	63
5048.881040	27.591499	0.009375	2.943113	64
5049.934240	28.492983	0.009372	3.040149	65
5050.972741	28.550875	0.009373	3.046205	66
5052.027557	28.998394	0.009357	3.099013	67
5053.063754	30.666842	0.009373	3.271956	68
5054.120053	29.086697	0.009376	3.102265	69
5055.158436	28.349207	0.009386	3.020452	70
5056.213940	29.103046	0.009400	3.096166	71
5057.252057	28.091986	0.009382	2.994243	72
5058.306294	29.027588	0.009369	3.098359	73
5059.346268	27.856588	0.009387	2.967594	74
5060.399961	31.304972	0.009369	3.341349	75
5061.437615	28.491617	0.009398	3.031787	76
5062.497426	27.745638	0.009374	2.959739	77
5063.532076	27.999670	0.009367	2.989121	78
5064.587086	28.932377	0.009354	3.093191	79
5065.623067	28.257677	0.009378	3.013161	80
5066.679623	29.068178	0.009384	3.097781	81
5067.717794	28.343075	0.009393	3.017514	82
5068.773501	28.935358	0.009377	3.085628	83
5069.810089	28.504215	0.009376	3.040246	84
5070.865973	28.941086	0.009368	3.089313	85
5071.905208	30.014339	0.009384	3.198359	86
5072.958765	28.985542	0.009371	3.093032	87
5073.996503	28.485847	0.009381	3.036425	88
5075.053646	28.675293	0.009382	3.056367	89
5076.090595	28.340778	0.009402	3.014195	90
5077.146088	28.868660	0.009374	3.079770	91
5078.183905	28.079815	0.009339	3.006835	92
5079.239087	28.635756	0.009392	3.048962	93
5080.277138	28.627069	0.009369	3.055362	94
5081.332389	29.028275	0.009378	3.095229	95
5082.371981	27.777874	0.009374	2.963195	96
5083.424865	28.967075	0.009357	3.095634	97
5084.464238	29.158903	0.009369	3.112166	98
5085.520661	28.613972	0.009374	3.052386	99
5086.555652	28.072079	0.009408	2.983854	100
5087.611356	29.019560	0.009392	3.089964	101
5088.650941	28.174166	0.009371	3.006683	102
5089.704097	28.793457	0.009361	3.075967	103
5090.744690	27.460537	0.009362	2.933089	104
5091.798211	28.886740	0.009368	3.083614	105
5092.837038	27.935286	0.009385	2.976568	106
5093.890515	29.048874	0.009374	3.098995	107
5094.930060	28.199146	0.009377	3.007196	108
5095.984157	29.057102	0.009374	3.099627	109
5097.022538	28.506107	0.009380	3.039003	110
5098.078018	29.029932	0.009378	3.095412	111
5099.115960	28.370728	0.009371	3.027531	112
5100.170411	29.054237	0.009367	3.101838	113
5101.208643	28.357782	0.009374	3.025157	114
5102.267802	31.294992	0.009385	3.334572	115
5103.301272	28.022120	0.009399	2.981369	116
5104.357141	29.113094	0.009390	3.100503	117
5105.395404	28.240337	0.009357	3.018221	118
5106.451117	28.565598	0.009355	3.053634	119
5107.493234	26.638077	0.009370	2.843040	120
5108.544056	28.889240	0.009376	3.081048	121
5109.581796	28.206505	0.009375	3.008572	122
5110.639232	28.441118	0.009359	3.038969	123
5111.674308	28.464428	0.009370	3.037803	124
5112.730248	29.014637	0.009392	3.089355	125
5113.769501	27.914236	0.009395	2.971177	126
5114.824386	28.967289	0.009375	3.089716	127
5115.863954	27.377390	0.009381	2.918523	128
5116.916882	29.030617	0.009405	3.086731	129
5117.953758	28.475740	0.009380	3.035938	130
5119.011007	28.944353	0.009384	3.084599	131
5120.048698	27.910927	0.009383	2.974484	132
5121.108015	27.542059	0.009372	2.938790	133
5122.146678	26.317713	0.009349	2.814956	134
5123.196658	29.046471	0.009372	3.099214	135
5124.234599	28.145370	0.009368	3.004298	136
5125.290543	28.716337	0.009370	3.064870	137
5126.328514	27.752537	0.009368	2.962355	138
5127.383249	28.993721	0.009395	3.086106	139
5128.419707	28.699553	0.009399	3.053545	140
5129.476527	28.314518	0.009353	3.027399	141
5130.515136	27.913151	0.009413	2.965330	142
5131.567414	29.362448	0.009362	3.136291	143
5132.606809	28.404039	0.009393	3.024116	144
5133.662943	31.306215	0.009398	3.331288	145
5134.700669	27.850767	0.009374	2.971207	146
5135.754931	29.220531	0.009370	3.118659	147
5136.792682	28.017231	0.009375	2.988536	148
5137.849664	28.607130	0.009375	3.051304	149
5138.886535	28.328856	0.009389	3.017372	150
5139.942474	29.045698	0.009372	3.099149	151
5140.981845	27.588408	0.009373	2.943424	152
5142.035479	28.983500	0.009371	3.092951	153
5143.073180	28.476349	0.009376	3.037059	154
5144.131016	27.780245	0.009369	2.965119	155
5145.166034	28.196695	0.009358	3.013031	156
5146.221754	29.086185	0.009391	3.097152	157
5147.260990	27.920460	0.009379	2.976905	158
5148.315886	29.145849	0.009378	3.107887	159
5149.354079	27.984381	0.009358	2.990466	160
5150.407645	29.055544	0.009375	3.099320	161
5151.445637	28.441153	0.009398	3.026305	162
5152.501548	28.971743	0.009381	3.088454	163
5153.539475	28.126230	0.009394	2.994174	164
5154.595919	28.511858	0.009367	3.043795	165
5155.634314	27.812843	0.009380	2.965042	166
5156.688924	28.492943	0.009349	3.047741	167
5157.727454	27.764935	0.009365	2.964716	168
5158.781516	28.385824	0.009346	3.037164	169
5159.819765	28.036030	0.009366	2.993264	170
5160.874824	28.600777	0.009372	3.051757	171
5161.915070	27.253942	0.009370	2.908642	172
5162.969672	28.370024	0.009377	3.025333	173
5164.005056	29.988773	0.009384	3.195785	174
5165.059641	29.077971	0.009375	3.101785	175
5166.098076	28.019007	0.009372	2.989562	176
5167.153780	28.958302	0.009374	3.089211	177
5168.192038	28.433702	0.009356	3.039227	178
5169.247331	28.970491	0.009393	3.084297	179
5170.285296	28.087900	0.009383	2.993369	180
5171.340982	29.112556	0.009376	3.104935	181
5172.379535	27.919392	0.009384	2.975065	182
5173.433145	28.972624	0.009369	3.092539	183
5174.471421	28.282640	0.009387	3.013073	184
5175.525736	29.038935	0.009369	3.099553	185
5176.565044	28.836681	0.009375	3.075916	186
5177.620979	29.107285	0.009368	3.107080	187
5178.658105	28.321877	0.009378	3.020175	188
5179.712851	28.412069	0.009351	3.038385	189
5180.750791	27.874252	0.009344	2.983209	190
5181.806500	31.352201	0.009391	3.338382	191
5182.844441	27.951082	0.009387	2.977737	192
5183.899435	31.248417	0.009355	3.340153	193
5184.937235	28.398304	0.009395	3.022727	194
5185.994569	28.609808	0.009372	3.052574	195
5187.032600	27.654238	0.009375	2.949697	196
5188.087345	28.577375	0.009375	3.048228	197
5189.123979	28.262039	0.009368	3.016825	198
5190.180090	28.967609	0.009371	3.091259	199
5191.216446	28.445158	0.009386	3.030584	200
5192.275828	28.381151	0.009404	3.017892	201
5193.309204	28.519642	0.009378	3.041145	202
5194.365053	29.215219	0.009355	3.122838	203
5195.403066	31.260265	0.009393	3.328115	204
5196.460441	28.699932	0.009384	3.058441	205
5197.496372	28.510828	0.009377	3.040538	206
5198.552219	29.056688	0.009393	3.093535	207
5199.591452	27.726904	0.009376	2.957272	208
5200.645872	29.073570	0.009374	3.101490	209
5201.683641	28.604067	0.009393	3.045364	210
5202.739307	28.531040	0.009367	3.045759	211
5203.776000	28.301321	0.009362	3.022938	212
5204.837044	27.434013	0.009362	2.930317	213
5205.869163	28.460625	0.009355	3.042185	214
5206.925763	29.176981	0.009395	3.105572	215
5207.962406	29.435875	0.009373	3.140365	216
5209.018555	28.714495	0.009390	3.058067	217
5210.056391	28.199560	0.009375	3.008076	218
5211.111667	28.627958	0.009405	3.043775	219
5212.153763	26.603168	0.009357	2.843047	220
5213.207535	31.291439	0.009370	3.339629	221
5214.242186	28.344265	0.009389	3.018991	222
5215.298315	29.066463	0.009393	3.094450	223
5216.334482	28.581936	0.009385	3.045542	224
5217.390567	28.629524	0.009375	3.053828	225
5218.428307	28.480631	0.009375	3.037963	226
5219.484452	29.007355	0.009358	3.099806	227
5220.522499	28.352623	0.009374	3.024752	228
5221.578865	28.696909	0.009397	3.053911	229
5222.615480	28.232628	0.009375	3.011523	230
5223.672853	28.562021	0.009375	3.046576	231
5224.709354	27.944159	0.009371	2.982058	232
5225.765020	28.576569	0.009356	3.054329	233
5226.801624	28.368036	0.009383	3.023475	234
5227.859188	28.580730	0.009390	3.043738	235
5228.896545	27.811045	0.009353	2.973402	236
5229.950559	28.883150	0.009373	3.081392	237
5230.988003	28.618134	0.009380	3.050949	238
5232.042612	28.905394	0.009371	3.084412	239
5233.081853	28.501110	0.009386	3.036562	240
5234.136211	28.667032	0.009391	3.052612	241
5235.177426	27.714367	0.009375	2.956250	242
5236.229038	28.966499	0.009365	3.092898	243
5237.268785	28.054916	0.009390	2.987659	244
5238.324673	28.275934	0.009380	3.014550	245
5239.363232	29.517664	0.009361	3.153142	246
5240.418147	28.481627	0.009380	3.036528	247
5241.455113	28.252230	0.009359	3.018837	248
5242.508813	28.624140	0.009383	3.050630	249
5243.550234	27.653908	0.009370	2.951394	250
5244.603190	30.963545	0.009371	3.304287	251
5245.640798	28.402813	0.009379	3.028491	252
5246.695967	28.488560	0.009383	3.036240	253
5247.734138	28.518404	0.009373	3.042706	254
5248.788774	28.413681	0.009355	3.037141	255
5249.827820	28.057411	0.009374	2.993049	0
5250.882315	29.190214	0.009392	3.108062	1
5251.920808	28.074980	0.009371	2.995934	2
5252.975271	29.161804	0.009354	3.117646	3
5254.013318	28.254459	0.009395	3.007280	4
5255.069486	29.153757	0.009397	3.102564	5
5256.107532	27.922894	0.009368	2.980556	6
5257.163948	31.350800	0.009393	3.337773	7
5258.199445	28.481421	0.009368	3.040246	8
5259.255354	28.946239	0.009369	3.089612	9
5260.293306	28.375805	0.009401	3.018353	10
5261.348984	29.029181	0.009372	3.097296	11
5262.386939	28.184517	0.009375	3.006364	12
5263.442867	28.563068	0.009370	3.048258	13
5264.480721	28.027737	0.009385	2.986560	14
5265.535322	29.009716	0.009397	3.087127	15
5266.573327	28.225605	0.009369	3.012683	16
5267.627881	29.108692	0.009392	3.099376	17
5268.667399	27.927055	0.009351	2.986688	18
5269.722038	28.702291	0.009369	3.063649	19
5270.758618	28.556995	0.009393	3.040292	20
5271.813926	29.133459	0.009363	3.111632	21
5272.852712	28.361086	0.009381	3.023217	22
5273.906741	29.113047	0.009372	3.106432	23
5274.946336	28.398380	0.009375	3.029161	24
5276.001169	28.986536	0.009395	3.085478	25
5277.039121	28.190346	0.009388	3.002784	26
5278.093699	28.941422	0.009371	3.088423	27
5279.131938	28.282755	0.009366	3.019771	28
5280.187554	28.925104	0.009399	3.077456	29
5281.224850	28.860825	0.009380	3.076703	30
5282.280598	28.545456	0.009388	3.040693	31
5283.318817	28.159540	0.009381	3.001852	32
5284.373640	29.065849	0.009393	3.094335	33
5285.412088	28.437140	0.009375	3.033161	34
5286.466439	31.415014	0.009396	3.343291	35
5287.507798	29.092051	0.009375	3.102997	36
5288.560319	29.071325	0.009405	3.091144	37
5289.599930	27.849083	0.009386	2.966988	38
5290.652755	29.058859	0.009368	3.101996	39
5291.690778	28.543036	0.009392	3.038935	40
5292.748108	28.606560	0.009380	3.049882	41
5293.784149	28.607849	0.009375	3.051386	42
5294.840525	28.864941	0.009380	3.077171	43
5295.878495	28.212523	0.009369	3.011227	44
5296.933033	29.039188	0.009386	3.093879	45
5297.972303	27.857336	0.009386	2.967909	46
5299.028735	28.381115	0.009372	3.028196	47
5300.063412	30.151512	0.009368	3.218404	48
5301.120213	28.957382	0.009363	3.092600	49
5302.158139	28.028095	0.009369	2.991460	50
5303.212708	29.069527	0.009380	3.099036	51
5304.250680	28.430071	0.009394	3.026268	52
5305.306824	31.289589	0.009384	3.334301	53
5306.344335	28.289427	0.009374	3.017936	54
5307.398775	29.203913	0.009367	3.117888	55
5308.437222	28.491053	0.009365	3.042172	56
5309.493218	29.107618	0.009385	3.101556	57
5310.529597	28.415936	0.009379	3.029797	58
5311.585738	29.125565	0.009365	3.109894	59
5312.623477	28.387007	0.009391	3.022759	60
5313.678872	29.143789	0.009359	3.114041	61
5314.718760	27.610767	0.009368	2.947420	62
5315.772424	28.928482	0.009372	3.086627	63
5316.809076	28.496914	0.009375	3.039695	64
5317.866341	30.878016	0.009370	3.295304	65
5318.901800	28.722784	0.009387	3.059865	66
5319.959033	28.918831	0.009365	3.087986	67
5320.996561	28.307758	0.009377	3.018904	68
5322.052701	29.010736	0.009375	3.094634	69
5323.090649	27.957850	0.009373	2.982913	70
5324.146905	29.154364	0.009363	3.113765	71
5325.183965	28.324942	0.009371	3.022542	72
5326.239873	29.243160	0.009375	3.119174	73
5327.276779	27.960814	0.009369	2.984344	74
5328.333324	28.428928	0.009385	3.029035	75
5329.367880	28.911793	0.009370	3.085521	76
5330.424482	29.125286	0.009371	3.107956	77
5331.461698	28.806545	0.009359	3.078006	78
5332.520370	28.340151	0.009385	3.019684	79
5333.555570	28.486431	0.009388	3.034342	80
5334.612027	29.001684	0.009366	3.096549	81
5335.648604	28.427923	0.009392	3.026876	82
5336.706043	31.303850	0.009382	3.336457	83
5337.742450	28.295137	0.009379	3.016868	84
5338.800061	28.573845	0.009378	3.046924	85
5339.834921	28.327255	0.009350	3.029545	86
5340.891098	29.001362	0.009373	3.094199	87
5341.930238	27.836252	0.009381	2.967412	88
5342.986679	28.544464	0.009373	3.045308	89
5344.021692	28.486071	0.009381	3.036534	90
5345.079260	28.632607	0.009375	3.054021	91
5346.116061	28.013758	0.009370	2.989658	92
5347.175169	27.538342	0.009365	2.940484	93
5348.207768	30.867456	0.009389	3.287700	94
5349.263579	31.288046	0.009364	3.341287	95
5350.301390	28.125385	0.009354	3.006665	96
5351.357844	28.567699	0.009369	3.049021	97
5352.394925	28.231369	0.009388	3.007114	98
5353.450631	28.981749	0.009377	3.090788	99
5354.490203	27.515265	0.009372	2.935831	100
5355.544865	28.400499	0.009380	3.027765	101
5356.581662	28.062868	0.009373	2.993937	102
5357.637926	28.609674	0.009386	3.048181	103
5358.675001	28.040321	0.009357	2.996790	104
5359.729848	29.065948	0.009379	3.099015	105
5360.768022	28.279654	0.009379	3.015331	106
5361.823953	29.059324	0.009406	3.089289	107
5362.861846	28.121643	0.009373	3.000213	108
5363.915979	28.808195	0.009388	3.068706	109
5364.954988	27.879107	0.009368	2.976132	110
5366.011201	28.539597	0.009375	3.044187	111
5367.048059	28.074776	0.009376	2.994476	112
5368.101492	29.090328	0.009370	3.104768	113
5369.140699	28.616581	0.009353	3.059534	114
5370.197808	28.506777	0.009382	3.038501	115
5371.234777	28.202841	0.009376	3.007911	116
5372.288162	29.001381	0.009369	3.095495	117
5373.327615	28.113802	0.009396	2.992075	118
5374.382935	28.580175	0.009358	3.053928	119
5375.420412	28.385946	0.009376	3.027457	120
5376.476533	28.898340	0.009373	3.083309	121
5377.512723	28.563681	0.009396	3.039842	122
5378.568877	29.005875	0.009395	3.087472	123
5379.606542	28.571079	0.009344	3.057838	124
5380.663032	28.621195	0.009381	3.050912	125
5381.699793	28.392250	0.009390	3.023517	126
5382.755844	28.944006	0.009378	3.086390	127
5383.797044	26.865822	0.009372	2.866675	128
5384.849582	28.892807	0.009373	3.082571	129
5385.885714	28.271454	0.009385	3.012382	130
5386.942050	29.080330	0.009397	3.094531	131
5387.979575	28.265024	0.009376	3.014669	132
5389.034068	29.119207	0.009372	3.107054	133
5390.073494	28.055300	0.009364	2.995965	134
5391.131222	28.063332	0.009371	2.994813	135
5392.165772	29.419270	0.009373	3.138679	136
5393.222122	28.832516	0.009427	3.058472	137
5394.258359	28.084162	0.009375	2.995563	138
5395.316856	28.887178	0.009369	3.083430	139
5396.351178	28.361931	0.009381	3.023221	140
5397.409328	28.699720	0.009385	3.058113	141
5398.444207	28.396757	0.009373	3.029698	142
5399.503529	31.324062	0.009369	3.343352	143
5400.540102	27.224527	0.009349	2.912052	144
5401.595347	29.002605	0.009366	3.096498	145
5402.630651	28.058889	0.009365	2.996033	146
5403.689222	29.058077	0.009393	3.093703	147
5404.723352	28.356716	0.009400	3.016789	148
5405.781489	28.722063	0.009372	3.064736	149
5406.818580	27.789976	0.009386	2.960892	150
5407.875334	29.109615	0.009396	3.098153	151
5408.909392	28.181503	0.009371	3.007412	152
5409.969740	28.570581	0.009368	3.049654	153
5411.002918	30.632286	0.009376	3.266975	154
5412.062811	28.586046	0.009365	3.052396	155
5413.096900	28.472406	0.009369	3.038988	156
5414.155497	29.041857	0.009380	3.095993	157
5415.190123	28.366215	0.009378	3.024686	158
5416.247841	29.142845	0.009372	3.109482	159
5417.283788	28.376217	0.009373	3.027524	160
5418.341180	28.889795	0.009372	3.082572	161
5419.376602	28.346834	0.009428	3.006514	162
5420.436107	28.344980	0.009386	3.020022	163
5421.469364	30.244400	0.009395	3.219263	164
5422.527811	28.901379	0.009369	3.084713	165
5423.563000	28.209951	0.009380	3.007413	166
5424.622598	28.501337	0.009374	3.040457	167
5425.656797	28.062799	0.009373	2.993884	168
5426.714777	28.625345	0.009365	3.056668	169
5427.750796	27.688480	0.009384	2.950499	170
5428.807277	31.287916	0.009379	3.336092	171
5429.844903	27.754456	0.009389	2.956105	172
5430.901505	28.599625	0.009362	3.054734	173
5431.936003	28.232491	0.009379	3.010086	174
5432.993943	29.020496	0.009375	3.095374	175
5434.032048	27.240627	0.009363	2.909245	176
5435.087233	28.659092	0.009392	3.051490	177
5436.123587	28.034206	0.009385	2.987153	178
5437.180753	29.069130	0.009380	3.098924	179
5438.215401	28.341118	0.009396	3.016344	180
5439.272907	28.456116	0.009354	3.042052	181
5440.307448	28.628126	0.009369	3.055739	182
5441.367213	31.047762	0.009374	3.312238	183
5442.401581	28.421349	0.009395	3.025168	184
5443.461101	28.965151	0.009372	3.090520	185
5444.497440	27.510557	0.009377	2.933928	186
5445.552750	29.044359	0.009369	3.099976	187
5446.588431	28.344252	0.009380	3.021671	188
5447.647112	29.129736	0.009389	3.102489	189
5448.681958	28.211567	0.009416	2.996017	190
5449.741363	28.609062	0.009378	3.050803	191
5450.774211	28.225199	0.009395	3.004369	192
5451.833521	28.672768	0.009366	3.061422	193
5452.868055	29.263885	0.009416	3.108043	194
5453.926745	29.053633	0.009366	3.102193	195
5454.962590	27.862120	0.009391	2.966761	196
5456.021472	28.363211	0.009382	3.023055	197
5457.055986	28.034145	0.009376	2.990078	198
5458.112478	28.989128	0.009343	3.102731	199
5459.148269	28.055285	0.009372	2.993408	200
5460.206370	31.220453	0.009361	3.335116	201
5461.240733	28.150471	0.009378	3.001798	202
5462.300329	29.166811	0.009369	3.112978	203
5463.334261	28.066446	0.009384	2.990942	204
5464.392252	28.913048	0.009370	3.085623	205
5465.427433	28.192858	0.009390	3.002513	206
5466.485592	28.563322	0.009384	3.043972	207
5467.519630	28.371708	0.009370	3.027856	208
5468.578453	28.962505	0.009374	3.089536	209
5469.613791	28.287472	0.009349	3.025629	210
5470.671967	29.074305	0.009392	3.095793	211
5471.706090	28.523123	0.009369	3.044490	212
5472.765623	29.043636	0.009379	3.096601	213
5473.799970	28.041662	0.009399	2.983581	214
5474.858114	29.266102	0.009377	3.120987	215
5475.892993	28.452990	0.009385	3.031602	216
5476.954255	28.495338	0.009374	3.039952	217
5477.987116	28.157486	0.009371	3.004758	218
5479.044853	29.310785	0.009354	3.133546	219
5480.080335	28.200861	0.009387	3.004137	220
5481.139830	28.403221	0.009376	3.029248	221
5482.174210	28.667387	0.009373	3.058607	222
5483.230330	29.127743	0.009373	3.107656	223
5484.266473	29.117672	0.009383	3.103357	224
5485.324418	28.636881	0.009372	3.055595	225
5486.361012	28.127317	0.009388	2.996152	226
5487.417419	29.052095	0.009380	3.097281	227
5488.453801	28.104996	0.009388	2.993735	228
5489.507848	29.037605	0.009379	3.096113	229
5490.547091	28.575886	0.009349	3.056471	230
5491.603125	28.506580	0.009378	3.039708	231
5492.641284	28.138212	0.009370	3.002957	232
5493.695792	28.429628	0.009394	3.026481	233
5494.735709	27.905193	0.009384	2.973597	234
5495.786920	29.244820	0.009373	3.120173	235
5496.827579	27.927359	0.009401	2.970755	236
5497.883396	28.555544	0.009389	3.041351	237
5498.920650	28.341551	0.009367	3.025525	238
5499.975602	28.555138	0.009371	3.047175	239
5501.015431	27.783815	0.009381	2.961835	240
5502.072842	27.442453	0.009362	2.931383	241
5503.111291	26.941772	0.009370	2.875301	242
5504.160576	29.183065	0.009371	3.114203	243
5505.199556	28.499681	0.009371	3.041255	244
5506.254992	29.043705	0.009359	3.103250	245
5507.293424	28.323193	0.009392	3.015685	246
5508.348705	28.522108	0.009348	3.051127	247
5509.385992	28.420713	0.009353	3.038834	248
5510.441393	29.023586	0.009391	3.090533	249
5511.479559	28.400892	0.009389	3.025028	250
5512.533674	29.066130	0.009388	3.096041	251
5513.573417	28.108047	0.009390	2.993501	252
5514.628120	28.865274	0.009376	3.078766	253
5515.666219	29.935656	0.009389	3.188472	254
5516.720631	29.065464	0.009379	3.098908	255
5517.758681	28.604544	0.009366	3.054192	0
5518.814499	28.850355	0.009374	3.077593	1
5519.852661	28.360624	0.009377	3.024454	2
5520.906980	31.376978	0.009395	3.339873	3
5521.946352	28.038671	0.009361	2.995374	4
5523.000874	28.927387	0.009392	3.079973	5
5524.039036	27.934149	0.009389	2.975127	6
5525.094977	28.700546	0.009389	3.056807	7
5526.131249	28.779882	0.009375	3.069713	8
5527.186418	28.909193	0.009367	3.086367	9
5528.225952	27.848536	0.009376	2.970062	10
5529.282067	28.497007	0.009372	3.040742	11
5530.318736	28.522388	0.009394	3.036172	12
5531.373347	29.022293	0.009389	3.090990	13
5532.417249	26.355257	0.009357	2.816764	14
5533.466974	31.101151	0.009373	3.318144	15
5534.506700	28.526814	0.009379	3.041561	16
5535.560194	29.056276	0.009380	3.097548	17
5536.598922	28.241821	0.009372	3.013524	18
5537.653256	28.918764	0.009382	3.082314	19
5538.691417	28.411854	0.009393	3.024951	20
5539.747464	28.531940	0.009364	3.046991	21
5540.784707	28.417774	0.009347	3.040269	22
5541.842925	28.009117	0.009382	2.985323	23
5542.877537	28.384449	0.009402	3.018843	24
5543.933204	28.630524	0.009377	3.053340	25
5544.971353	27.828463	0.009373	2.969122	26
5546.025996	29.171738	0.009384	3.108711	27
5547.066055	27.674931	0.009373	2.952549	28
5548.119331	28.981359	0.009383	3.088634	29
5549.159143	27.472160	0.009361	2.934859	30
5550.211226	29.309696	0.009395	3.119656	31
5551.250374	28.407980	0.009396	3.023489	32
5552.307746	31.022551	0.009375	3.309020	33
5553.343711	28.510933	0.009382	3.038834	34
5554.398784	28.946312	0.009371	3.088898	35
5555.436742	27.934919	0.009387	2.975768	36
5556.490696	28.614468	0.009375	3.052297	37
5557.530861	28.216133	0.009377	3.009056	38
5558.585183	29.075464	0.009395	3.094775	39
5559.623360	28.586569	0.009399	3.041604	40
5560.679362	28.948069	0.009372	3.088665	41
5561.717709	28.217157	0.009382	3.007673	42
5562.771295	28.948561	0.009372	3.088755	43
5563.810515	28.192410	0.009372	3.008058	44
5564.866633	28.141613	0.009367	3.004329	45
5565.903725	28.309080	0.009394	3.013568	46
5566.958009	29.068810	0.009393	3.094668	47
5567.996183	28.384487	0.009396	3.021025	48
5569.053527	28.050795	0.009369	2.994146	49
5570.091418	27.454210	0.009371	2.929843	50
5571.144386	29.084213	0.009375	3.102343	51
5572.182789	28.129850	0.009383	2.997939	52
5573.238287	28.593019	0.009370	3.051457	53
5574.275261	28.644892	0.009370	3.056990	54
5575.331594	28.851631	0.009377	3.076854	55
5576.366871	30.879568	0.009371	3.295083	56
5577.424079	28.965225	0.009372	3.090568	57
5578.462547	28.386000	0.009387	3.023924	58
5579.516676	29.062565	0.009391	3.094830	59
5580.556411	28.168762	0.009372	3.005479	60
5581.610315	29.138481	0.009376	3.107885	61
5582.648878	28.458185	0.009353	3.042602	62
5583.703322	29.001015	0.009394	3.087025	63
5584.741441	28.475697	0.009368	3.039621	64
5585.796979	28.549234	0.009370	3.047024	65
5586.836761	27.385979	0.009383	2.918807	66
5587.891320	28.567413	0.009380	3.045548	67
5588.929285	28.595467	0.009341	3.061151	68
5589.983785	28.934456	0.009360	3.091407	69
5591.021973	28.378300	0.009393	3.021193	70
5592.076784	28.869682	0.009352	3.087070	71
5593.114247	28.618561	0.009368	3.054943	72
5594.169926	29.007166	0.009384	3.091089	73
5595.208403	28.746046	0.009371	3.067687	74
5596.263235	28.974457	0.009385	3.087279	75
5597.302619	27.597492	0.009366	2.946410	76
5598.356463	28.826777	0.009364	3.078404	77
5599.394443	28.414810	0.009392	3.025363	78
5600.448554	29.127562	0.009367	3.109501	79
5601.488091	28.259792	0.009371	3.015687	80
5602.542694	29.005301	0.009377	3.093089	81
5603.582802	27.737305	0.009390	2.953925	82
5604.636033	28.841497	0.009366	3.079437	83
5605.675062	27.692078	0.009368	2.955907	84
5606.728327	28.913074	0.009372	3.085106	85
5607.767536	29.520884	0.009387	3.144923	86
5608.822084	28.814213	0.009351	3.081264	87
5609.861219	28.007277	0.009362	2.991476	88
5610.917163	28.246017	0.009382	3.010536	89
5611.955697	27.350988	0.009384	2.914745	90
5613.008621	31.110950	0.009381	3.316370	91
5614.046393	28.653467	0.009389	3.051833	92
5615.101100	28.789501	0.009395	3.064363	93
5616.140834	28.018259	0.009384	2.985837	94
5617.193578	29.100281	0.009369	3.105880	95
5618.233618	28.389725	0.009394	3.022016	96
5619.287115	29.173492	0.009371	3.113029	97
5620.327270	28.270222	0.009372	3.016472	98
5621.383082	28.409857	0.009379	3.029163	99
5622.418721	28.511822	0.009371	3.042645	100
5623.474394	29.000174	0.009382	3.091123	101
5624.512366	28.499189	0.009356	3.045964	102
5625.568009	31.329184	0.009374	3.342156	103
5626.610328	30.753210	0.009373	3.281007	104
5627.662336	28.480381	0.009371	3.039106	105
5628.702860	27.104702	0.009382	2.889050	106
5629.753772	28.953074	0.009365	3.091470	107
5630.793083	28.013708	0.009371	2.989540	108
5631.847414	29.015591	0.009382	3.092676	109
5632.885800	28.412113	0.009378	3.029655	110
5633.940132	28.813025	0.009371	3.074864	111
5634.981062	27.794767	0.009382	2.962451	112
5636.034499	28.995663	0.009385	3.089638	113
5637.072668	27.863989	0.009390	2.967340	114
5638.128591	28.527102	0.009378	3.041819	115
5639.165263	28.401197	0.009381	3.027421	116
5640.220935	28.603670	0.009369	3.052889	117
5641.258277	28.503523	0.009372	3.041225	118
5642.313700	29.089298	0.009361	3.107624	119
5643.352182	28.264908	0.009378	3.014067	120
5644.406516	31.394255	0.009399	3.340309	121
5645.445881	28.529547	0.009366	3.046018	122
5646.501153	28.581396	0.009374	3.049164	123
5647.538258	27.969059	0.009379	2.982225	124
5648.593773	28.660963	0.009354	3.063936	125
5649.630934	28.013716	0.009370	2.989611	126
5650.687837	28.592880	0.009365	3.053320	127
5651.725076	28.261940	0.009389	3.010146	128
5652.779122	29.221365	0.009395	3.110372	129
5653.817356	28.063822	0.009364	2.996971	130
5654.873269	28.980038	0.009397	3.083934	131
5655.910975	28.258200	0.009381	3.012292	132
5656.966887	30.918831	0.009354	3.305290	133
5658.003709	31.243679	0.009353	3.340358	134
5659.059362	29.061901	0.009379	3.098733	135
5660.098649	27.748415	0.009360	2.964529	136
5661.154622	28.599573	0.009375	3.050585	137
5662.188964	28.842373	0.009372	3.077373	138
5663.248709	28.341721	0.009372	3.024115	139
5664.283973	28.351274	0.009358	3.029495	140
5665.339675	29.120220	0.009404	3.096463	141
5666.377801	28.191288	0.009378	3.005957	142
5667.432464	29.159491	0.009418	3.096218	143
5668.470603	29.353670	0.009387	3.127089	144
5669.526352	28.635258	0.009373	3.055165	145
5670.563979	29.182877	0.009344	3.123192	146
5671.618784	28.955256	0.009383	3.085956	147
5672.658050	28.155294	0.009412	2.991406	148
5673.713939	27.858650	0.009344	2.981460	149
5674.749180	28.525959	0.009366	3.045625	150
5675.804627	29.136471	0.009398	3.100248	151
5676.844374	28.174461	0.009374	3.005697	152
5677.898478	29.026852	0.009374	3.096652	153
5678.936859	28.338806	0.009367	3.025289	154
5679.990378	29.301327	0.009376	3.125221	155
5681.030545	28.394030	0.009370	3.030161	156
5682.086814	28.394571	0.009376	3.028300	157
5683.123305	28.335793	0.009379	3.021269	158
5684.177928	28.549290	0.009378	3.044352	159
5685.216830	28.463480	0.009373	3.036875	160
5686.269659	29.299713	0.009373	3.126128	161
5687.310086	28.377884	0.009360	3.031862	162
5688.364602	28.928558	0.009376	3.085404	163
5689.404278	27.904211	0.009391	2.971363	164
5690.457650	28.543011	0.009373	3.045305	165
5691.496019	27.990925	0.009384	2.982795	166
5692.550468	28.300100	0.009371	3.020091	167
5693.589672	28.332499	0.009375	3.022040	168
5694.643322	29.141670	0.009362	3.112715	169
5695.685190	27.470705	0.009364	2.933723	170
5696.738016	28.496746	0.009369	3.041462	171
5697.776327	28.232485	0.009373	3.012169	172
5698.830445	28.957029	0.009375	3.088681	173
5699.868605	29.600571	0.009385	3.153901	174
5700.924302	28.563168	0.009375	3.046802	175
5701.962742	28.194464	0.009373	3.008081	176
5703.017030	28.965763	0.009375	3.089685	177
5704.055211	28.371819	0.009388	3.022271	178
5705.110917	28.940334	0.009368	3.089394	179
5706.147715	28.461279	0.009366	3.038683	180
5707.203423	28.902527	0.009384	3.080081	181
5708.241579	28.512585	0.009383	3.038861	182
5709.297257	28.959059	0.009378	3.088015	183
5710.336825	27.617388	0.009379	2.944742	184
5711.390074	28.982063	0.009392	3.085896	185
5712.428511	28.215971	0.009372	3.010512	186
5713.484067	29.272511	0.009403	3.113126	187
5714.523720	27.321924	0.009367	2.916749	188
5715.576778	28.663700	0.009367	3.060002	189
5716.613753	28.507607	0.009370	3.042561	190
5717.669745	31.326675	0.009393	3.335100	191
5718.707905	29.835630	0.009385	3.179042	192
5719.762994	28.368122	0.009367	3.028513	193
5720.802660	27.555124	0.009358	2.944422	194
5721.856919	29.007660	0.009365	3.097296	195
5722.893493	28.493765	0.009391	3.034138	196
5723.949394	28.638672	0.009378	3.053658	197
5724.987426	28.524992	0.009367	3.045384	198
5726.041339	28.768551	0.009364	3.072175	199
5727.081475	27.969679	0.009371	2.984711	200
5728.136501	28.943876	0.009374	3.087701	201
5729.172416	28.535690	0.009352	3.051177	202
5730.230520	28.387049	0.009366	3.030984	203
5731.266828	29.330202	0.009372	3.129529	204
5732.321881	28.850523	0.009360	3.082183	205
5733.364287	26.969740	0.009371	2.877938	206
5734.415233	29.119015	0.009389	3.101312	207
5735.453417	28.331200	0.009394	3.015880	208
5736.507436	31.305214	0.009367	3.342032	209
5737.545914	28.638971	0.009374	3.055232	210
5738.601637	28.679430	0.009376	3.058882	211
5739.640323	28.322300	0.009408	3.010301	212
5740.694955	29.083447	0.009388	3.098062	213
5741.733104	28.387722	0.009373	3.028689	214
5742.788792	28.957905	0.009379	3.087633	215
5743.824439	28.183376	0.009342	3.016997	216
5744.881083	29.079756	0.009385	3.098684	217
5745.920615	27.973543	0.009362	2.987910	218
5746.973300	29.264744	0.009364	3.125388	219
5748.012179	28.541702	0.009368	3.046580	220
5749.068199	31.237034	0.009390	3.326524	221
5750.106138	28.338261	0.009380	3.021152	222
5751.161861	28.555925	0.009373	3.046729	223
5752.200037	28.272514	0.009366	3.018641	224
5753.253030	28.512621	0.009369	3.043343	225
5754.293917	27.834774	0.009384	2.966071	226
5755.348861	28.432470	0.009359	3.038050	227
5756.386086	27.885937	0.009396	2.967972	228
5757.440716	28.957880	0.009392	3.083228	229
5758.478658	28.461470	0.009387	3.032013	230
5759.532961	28.973227	0.009370	3.092282	231
5760.572508	28.364010	0.009376	3.025286	232
5761.626124	29.217875	0.009393	3.110534	233
5762.665212	31.292202	0.009373	3.338694	234
5763.720459	29.043568	0.009370	3.099558	235
5764.758838	28.232985	0.009385	3.008306	236
5765.812843	28.993282	0.009355	3.099368	237
5766.851102	28.493008	0.009355	3.045592	238
5767.908317	31.216406	0.009363	3.334053	239
5768.945249	28.374096	0.009375	3.026588	240
5770.000315	28.422106	0.009375	3.031609	241
5771.039768	27.811413	0.009356	2.972463	242
5772.092865	28.403875	0.009366	3.032568	243
5773.131099	28.326599	0.009353	3.028616	244
5774.186257	28.632467	0.009351	3.062076	245
5775.225991	27.513742	0.009386	2.931258	246
5776.282173	28.091841	0.009367	2.999058	247
5777.317706	28.259186	0.009387	3.010500	248
5778.373611	28.490055	0.009387	3.035118	249
5779.410717	28.319204	0.009364	3.024149	250
5780.466653	29.010881	0.009382	3.092028	251
5781.504397	27.988604	0.009367	2.987983	252
5782.559144	28.967579	0.009364	3.093455	253
5783.596884	28.491827	0.009404	3.029709	254
5784.652775	29.120234	0.009388	3.101931	255
5785.690720	28.318295	0.009371	3.021813	0
5786.748242	28.452925	0.009374	3.035307	1
5787.783531	28.322453	0.009366	3.023886	2
5788.839321	28.887707	0.009364	3.085083	3
5789.876895	28.221739	0.009354	3.016979	4
5790.932918	29.045160	0.009342	3.109117	5
5791.971949	27.739231	0.009409	2.948156	6
5793.025695	28.508999	0.009382	3.038700	7
5794.063607	28.524559	0.009403	3.033501	8
5795.119880	28.578121	0.009367	3.050898	9
5796.156667	28.397352	0.009342	3.039790	10
5797.211216	28.972589	0.009350	3.098788	11
5798.249431	28.448473	0.009359	3.039530	12
5799.304628	31.303848	0.009365	3.342778	13
5800.343084	28.461164	0.009392	3.030481	14
5801.397626	28.981323	0.009364	3.095137	15
5802.436077	28.351143	0.009363	3.028018	16
5803.491785	29.012421	0.009384	3.091809	17
5804.529704	28.432362	0.009379	3.031551	18
5805.584041	29.133852	0.009394	3.101458	19
5806.623593	28.017975	0.009367	2.991093	20
5807.679385	28.647945	0.009385	3.052599	21
5808.716086	27.937597	0.009387	2.976143	22
5809.770925	28.914207	0.009365	3.087507	23
5810.809182	29.768869	0.009389	3.170641	24
5811.863499	31.241581	0.009343	3.343853	25
5812.903040	28.415789	0.009375	3.030958	26
5813.957448	29.043518	0.009375	3.097970	27
5814.996323	27.837599	0.009387	2.965621	28
5816.052248	28.516088	0.009381	3.039714	29
5817.089610	28.096846	0.009374	2.997440	30
5818.143729	29.022610	0.009381	3.093766	31
5819.185168	27.609024	0.009371	2.946203	32
5820.239270	28.526850	0.009370	3.044384	33
5821.275146	28.037102	0.009372	2.991728	34
5822.329254	29.012571	0.009369	3.096601	35
5823.368981	29.781227	0.009381	3.174486	36
5824.424315	28.676123	0.009389	3.054234	37
5825.462617	28.327621	0.009371	3.022845	38
5826.516748	28.976126	0.009372	3.091802	39
5827.555124	28.387085	0.009387	3.024171	40
5828.610606	31.265795	0.009363	3.339151	41
5829.652536	26.830914	0.009377	2.861378	42
5830.703370	28.626680	0.009371	3.054931	43
5831.741744	27.878357	0.009388	2.969518	44
5832.798037	28.508623	0.009383	3.038178	45
5833.834765	28.361498	0.009393	3.019325	46
5834.889093	29.021437	0.009374	3.095860	47
5835.928382	28.391346	0.009376	3.028145	48
5836.982698	29.063334	0.009387	3.096135	49
5838.021071	28.253338	0.009361	3.018355	50
5839.075523	28.897718	0.009370	3.084226	51
5840.114961	28.227596	0.009380	3.009366	52
5841.170315	31.363211	0.009388	3.340601	53
5842.208811	29.466803	0.009381	3.141143	54
5843.262328	28.894249	0.009368	3.084194	55
5844.300266	28.390497	0.009351	3.036006	56
5845.355981	28.589865	0.009392	3.044188	57
5846.393948	28.481077	0.009404	3.028594	58
5847.449847	28.955326	0.009373	3.089276	59
5848.488003	28.063757	0.009374	2.993938	60
5849.541364	29.216404	0.009393	3.110296	61
5850.580250	28.224735	0.009362	3.014934	62
5851.635937	28.632208	0.009371	3.055359	63
5852.673912	28.275995	0.009373	3.016857	64
5853.729742	28.718954	0.009383	3.060867	65
5854.766542	29.942122	0.009350	3.202522	66
5855.822314	29.038435	0.009389	3.092861	67
5856.861762	27.801594	0.009379	2.964137	68
5857.914851	29.198885	0.009402	3.105618	69
5858.954328	27.978672	0.009390	2.979503	70
5860.008365	29.088041	0.009358	3.108384	71
5861.046662	28.163174	0.009367	3.006539	72
5862.101762	28.812275	0.009363	3.077223	73
5863.141809	27.618074	0.009392	2.940508	74
5864.196027	28.589819	0.009384	3.046719	75
5865.233218	28.356195	0.009393	3.018851	76
5866.287843	28.079952	0.009367	2.997775	77
5867.326402	28.178164	0.009371	3.007110	78
5868.381138	29.119606	0.009398	3.098345	79
5869.419292	28.522093	0.009394	3.036278	80
5870.474332	28.890707	0.009344	3.091774	81
5871.512829	28.397459	0.009376	3.028771	82
5872.567372	31.303022	0.009374	3.339498	83
5873.606885	28.255140	0.009356	3.019888	84
5874.664536	27.825085	0.009370	2.969607	85
5875.699187	28.465633	0.009389	3.031835	86
5876.753751	28.876703	0.009366	3.083161	87
5877.791482	28.147810	0.009387	2.998700	88
5878.848791	28.540533	0.009387	3.040496	89
5879.887389	27.842878	0.009387	2.966251	90
5880.941849	28.489216	0.009373	3.039370	91
5881.980508	27.930016	0.009391	2.974271	92
5883.033513	28.896296	0.009371	3.083678	93
5884.072844	28.173489	0.009373	3.005730	94
5885.127158	28.479633	0.009377	3.037263	95
5886.165330	28.402864	0.009370	3.031126	96
5887.220768	28.713739	0.009382	3.060393	97
5888.258958	28.096087	0.009367	2.999361	98
5889.312201	28.934235	0.009353	3.093636	99
5890.351970	28.349110	0.009390	3.019108	100
5891.406080	28.935181	0.009391	3.081058	101
5892.444155	28.542013	0.009372	3.045507	102
5893.499917	28.995802	0.009377	3.092217	103
5894.538095	28.386616	0.009397	3.020773	104
5895.592861	28.831596	0.009365	3.078703	105
5896.633480	27.592718	0.009371	2.944366	106
5897.686053	29.067059	0.009383	3.097693	107
5898.725631	27.891865	0.009385	2.971871	108
5899.780144	28.890211	0.009376	3.081169	109
5900.818094	28.243952	0.009379	3.011354	110
5901.872454	29.141462	0.009367	3.111153	111
5902.910648	30.134163	0.009396	3.207187	112
5903.967936	28.498381	0.009411	3.028217	113
5905.006406	27.494869	0.009371	2.934035	114
5906.059126	28.924665	0.009378	3.084252	115
5907.098595	27.980333	0.009378	2.983520	116
5908.153116	29.043798	0.009358	3.103721	117
5909.189893	28.460005	0.009383	3.033137	118
5910.246032	29.018484	0.009403	3.086122	119
5911.283524	28.323097	0.009369	3.022985	120
5912.339634	28.881218	0.009337	3.093320	121
5913.376217	28.326237	0.009346	3.030958	122
5914.433360	28.557976	0.009375	3.046035	123
5915.469336	29.293718	0.009350	3.133022	124
5916.525989	28.930475	0.009386	3.082259	125
5917.562163	28.651867	0.009392	3.050824	126
5918.620423	28.564781	0.009374	3.047109	127
5919.658417	27.438408	0.009367	2.929245	128
5920.711583	29.296108	0.009397	3.117489	129
5921.748479	28.462387	0.009360	3.040881	130
5922.807594	28.408854	0.009371	3.031479	131
5923.842125	28.260624	0.009375	3.014308	132
5924.899777	28.741285	0.009389	3.061321	133
5925.935986	28.226929	0.009367	3.013505	134
5926.991821	29.131893	0.009359	3.112578	135
5928.028509	28.406878	0.009389	3.025600	136
5929.084861	28.975250	0.009365	3.093982	137
5930.121278	28.494429	0.009366	3.042274	138
5931.180409	28.491693	0.009374	3.039531	139
5932.214925	28.449471	0.009376	3.034267	140
5933.271494	28.949049	0.009375	3.087885	141
5934.310549	28.103519	0.009376	2.997347	142
5935.366600	28.602047	0.009375	3.050938	143
5936.401986	28.270336	0.009362	3.019637	144
5937.457900	29.050734	0.009387	3.094942	145
5938.494054	28.509851	0.009373	3.041813	146
5939.551765	28.507204	0.009384	3.037958	147
5940.589324	27.911222	0.009382	2.974939	148
5941.644565	28.689371	0.009369	3.062183	149
5942.682311	28.009594	0.009361	2.992095	150
5943.737549	29.055864	0.009396	3.092266	151
5944.775270	28.117516	0.009380	2.997536	152
5945.831699	29.133085	0.009372	3.108517	153
5946.869942	27.971771	0.009369	2.985708	154
5947.925890	28.357002	0.009372	3.025763	155
5948.962058	28.016876	0.009387	2.984521	156
5950.016791	29.084988	0.009388	3.098042	157
5951.054147	28.227394	0.009370	3.012686	158
5952.111424	31.082905	0.009400	3.306699	159
5953.148055	28.191372	0.009367	3.009518	160
5954.205663	28.411930	0.009361	3.034979	161
5955.242221	27.784569	0.009360	2.968540	162
5956.297073	28.563456	0.009370	3.048533	163
5957.333862	28.347963	0.009350	3.032010	164
5958.390920	28.582607	0.009378	3.047939	165
5959.427490	28.511621	0.009390	3.036255	166
5960.485793	28.413099	0.009373	3.031408	167
5961.521886	27.859840	0.009388	2.967711	168
5962.576705	29.062296	0.009367	3.102680	169
5963.616307	27.596561	0.009368	2.945828	170
5964.670788	30.651367	0.009376	3.269143	171
5965.706930	28.396015	0.009375	3.028955	172
5966.763068	29.017643	0.009379	3.093865	173
5967.799333	28.564579	0.009372	3.047915	174
5968.855558	28.993156	0.009365	3.095788	175
5969.893267	28.405750	0.009374	3.030162	176
5970.950710	28.209999	0.009380	3.007481	177
5971.986949	28.203201	0.009372	3.009341	178
5973.042223	28.983538	0.009363	3.095704	179
5974.081417	27.786278	0.009384	2.961138	180
5975.135889	29.062338	0.009373	3.100696	181
5976.170995	28.821671	0.009365	3.077591	182
5977.231544	28.351879	0.009369	3.026295	183
5978.268085	27.692377	0.009375	2.953745	184
5979.322777	28.934715	0.009371	3.087768	185
5980.359480	28.315842	0.009364	3.024054	186
5981.415081	28.542650	0.009388	3.040371	187
5982.456387	27.031572	0.009382	2.881306	188
5983.509524	31.050426	0.009366	3.315227	189
5984.547449	27.727446	0.009371	2.958834	190
5985.601972	29.102480	0.009352	3.111846	191
5986.638652	28.437212	0.009365	3.036587	192
5987.694802	29.086283	0.009387	3.098618	193
5988.732519	28.030621	0.009374	2.990227	194
5989.788366	28.848532	0.009361	3.081629	195
5990.825854	28.331192	0.009376	3.021746	196
5991.881660	28.509552	0.009359	3.046324	197
5992.919753	27.751057	0.009385	2.956977	198
5993.975872	28.372942	0.009384	3.023672	199
5995.012238	28.486250	0.009371	3.039936	200
5996.068147	31.185659	0.009354	3.333944	201
5997.104649	28.432478	0.009365	3.035918	202
5998.162242	29.119028	0.009374	3.106330	203
5999.198679	27.890055	0.009361	2.979297	204
6000.256956	28.401430	0.009370	3.031022	205
6001.291993	28.158623	0.009375	3.003533	206
6002.348121	29.018917	0.009375	3.095466	207
6003.385211	28.282564	0.009400	3.008790	208
6004.441818	28.561953	0.009370	3.048211	209
6005.478427	27.892843	0.009363	2.978983	210
6006.535251	29.095272	0.009373	3.104136	211
6007.571514	30.647070	0.009363	3.273254	212
6008.627856	28.950382	0.009373	3.088745	213
6009.663997	28.496389	0.009380	3.038156	214
6010.720302	28.345091	0.009350	3.031691	215
6011.757534	28.437292	0.009354	3.040060	216
6012.813971	29.027536	0.009359	3.101608	217
6013.850240	28.512068	0.009370	3.043057	218
6014.906399	31.327318	0.009376	3.341123	219
6015.944202	28.326593	0.009381	3.019517	220
6017.000326	29.020412	0.009381	3.093622	221
6018.038358	28.076529	0.009367	2.997494	222
6019.093626	28.075703	0.009376	2.994459	223
6020.135945	26.393274	0.009347	2.823590	224
6021.186720	28.236530	0.009368	3.014139	225
6022.223605	28.052225	0.009360	2.997077	226
6023.281037	28.313368	0.009384	3.017272	227
6024.316426	27.745670	0.009354	2.966229	228
6025.373398	29.026255	0.009373	3.096817	229
6026.411054	29.624826	0.009386	3.156116	230
6027.465466	29.059263	0.009376	3.099274	231
6028.503660	28.778013	0.009356	3.075991	232
6029.559714	28.648149	0.009379	3.054617	233
6030.601635	27.347002	0.009366	2.919901	234
6031.650806	28.933691	0.009421	3.071046	235
6032.694186	27.751974	0.009368	2.962317	236
6033.747005	29.174774	0.009387	3.107878	237
6034.782459	28.548031	0.009385	3.041998	238
6035.838400	28.988413	0.009351	3.100119	239
6036.876869	28.684706	0.009407	3.049216	240
6037.930944	29.053366	0.009388	3.094892	241
6038.971008	29.283165	0.009371	3.124826	242
6040.023911	28.877455	0.009392	3.074844	243
6041.064776	28.359545	0.009374	3.025213	244
6042.118493	27.564875	0.009353	2.947194	245
6043.159277	28.116657	0.009378	2.998034	246
6044.209134	31.273529	0.009369	3.338135	247
6045.253112	27.906765	0.009381	2.974726	248
6046.302638	28.920469	0.009372	3.085962	249
6047.344905	28.498787	0.009399	3.032112	250
6048.395523	28.851177	0.009367	3.080039	251
6049.438078	28.510805	0.009399	3.033308	252
6050.490946	28.584473	0.009400	3.040839	253
6051.531670	27.953941	0.009365	2.984940	254
6052.582200	29.020115	0.009382	3.093170	255
6053.625612	28.027277	0.009363	2.993414	0
6054.675417	29.006605	0.009390	3.089182	1
6055.717385	28.115561	0.009362	3.003093	2
6056.769056	28.975702	0.009374	3.091005	3
6057.811019	30.762117	0.009376	3.280822	4
6058.864055	27.979929	0.009365	2.987741	5
6059.905542	27.675283	0.009379	2.950918	6
6060.953734	29.539557	0.009365	3.154268	7
6061.996702	28.505026	0.009362	3.044777	8
6063.050141	28.591852	0.009374	3.050141	9
6064.090676	28.379074	0.009350	3.035274	10
6065.141193	28.411760	0.009373	3.031342	11
6066.187167	26.898134	0.009379	2.867934	12
6067.234507	29.041952	0.009385	3.094468	13
6068.276661	28.376925	0.009349	3.035302	14
6069.329835	28.306400	0.009375	3.019330	15
6070.368935	30.716085	0.009373	3.276935	16
6071.421173	28.587950	0.009389	3.044745	17
6072.463160	28.069990	0.009382	2.991966	18
6073.515279	28.503042	0.009366	3.043159	19
6074.555245	28.603363	0.009369	3.053041	20
6075.608568	29.102680	0.009384	3.101463	21
6076.650775	28.823460	0.009392	3.069087	22
6077.703076	27.923651	0.009364	2.981960	23
6078.742151	28.132792	0.009370	3.002555	24
6079.798159	28.553799	0.009369	3.047698	25
6080.834053	28.504147	0.009366	3.043429	26
6081.891769	28.015356	0.009369	2.990335	27
6082.928529	28.376616	0.009368	3.029033	28
6083.982594	28.797249	0.009371	3.072922	29
6085.020726	28.321415	0.009356	3.027052	30
6086.075669	29.050442	0.009373	3.099312	31
6087.114666	28.146620	0.009362	3.006317	32
6088.168158	31.251831	0.009359	3.339230	33
6089.209338	27.606710	0.009360	2.949551	34
6090.261733	29.005236	0.009382	3.091525	35
6091.302019	27.822485	0.009377	2.967141	36
6092.354783	29.085684	0.009396	3.095603	37
6093.394058	27.983986	0.009349	2.993190	38
6094.448395	28.571680	0.009351	3.055355	39
6095.488194	28.159117	0.009368	3.005893	40
6096.541423	29.126392	0.009425	3.090482	41
6097.579924	28.252470	0.009364	3.017254	42
6098.635051	28.499912	0.009367	3.042528	43
6099.674002	28.140244	0.009360	3.006359	44
6100.728942	28.478689	0.009358	3.043116	45
6101.765928	23.530300	0.009369	2.511513	46
6102.824870	28.464827	0.009400	3.028171	47
6103.857278	28.058138	0.009355	2.999112	48
6104.918988	28.740984	0.009391	3.060530	49
6105.949398	28.664917	0.009376	3.057262	50
6107.011563	31.330549	0.009387	3.337638	51
6108.043094	28.350716	0.009365	3.027191	52
6109.104376	28.570068	0.009368	3.049836	53
6110.133387	28.371649	0.009384	3.023454	54
6111.199426	31.398428	0.009389	3.344099	55
6112.247984	27.822834	0.009376	2.967355	56
6113.272470	31.379843	0.009384	3.343827	57
6114.339782	28.120853	0.009375	2.999700	58
6115.369855	28.150787	0.009366	3.005669	59
6116.434177	27.922791	0.009354	2.984981	60
6117.460446	28.810600	0.009369	3.075056	61
6118.526005	27.971613	0.009363	2.987483	62
6119.555265	28.422756	0.009367	3.034208	63
6120.618550	27.824186	0.009344	2.977907	64
6121.647130	28.893799	0.009366	3.085112	65
6122.713132	29.217602	0.009365	3.120001	66
6123.740744	28.437243	0.009364	3.036949	67
6124.806762	28.058661	0.009374	2.993145	68
6125.833475	28.673298	0.009375	3.058419	69
6126.900746	27.896315	0.009355	2.981851	70
6127.927088	28.861036	0.009358	3.084229	71
6128.991287	28.287672	0.009359	3.022372	72
6130.020122	28.573563	0.009350	3.055866	73
6131.083988	28.524303	0.009356	3.048706	74
6132.114832	28.206528	0.009341	3.019730	75
6133.178975	28.284613	0.009368	3.019364	76
6134.206427	28.799164	0.009366	3.074911	77
6135.271229	30.030918	0.009353	3.210774	78
6136.300308	28.145630	0.009358	3.007566	79
6137.368855	27.099148	0.009341	2.901140	80
6138.392574	28.732597	0.009346	3.074466	81
6139.384193	31.327396	0.009366	3.344685	82
6140.410162	31.305729	0.009358	3.345173	83
6141.475748	31.329184	0.009365	3.345268	84
6142.504305	31.175240	0.009320	3.345158	85
6143.571974	31.274382	0.009350	3.344896	86
6144.598812	31.321087	0.009365	3.344515	87
6145.661889	31.322540	0.009365	3.344597	88
6146.691327	31.285074	0.009354	3.344629	89
6147.756464	31.267063	0.009349	3.344512	90
6148.786758	31.299835	0.009359	3.344534	91
6149.850317	31.209520	0.009331	3.344759	92
6150.877986	31.264307	0.009346	3.345140	93
6151.942808	31.297537	0.009357	3.344807	94
6152.972896	31.291830	0.009354	3.345294	95
6154.036909	31.284317	0.009354	3.344620	96
6155.066872	31.217735	0.009334	3.344388	97
6156.130986	31.291222	0.009356	3.344668	98
6157.160616	31.333067	0.009367	3.344993	99
6158.224702	31.252880	0.009343	3.344882	100
6159.254732	31.301674	0.009358	3.344904	101
6160.319441	31.269020	0.009347	3.345239	102
6161.345915	31.337027	0.009367	3.345321	103
6162.412129	31.246941	0.009342	3.344897	104
6163.441298	31.291166	0.009354	3.345242	105
6164.504080	31.265734	0.009346	3.345306	106
6165.535629	31.274969	0.009350	3.344753	107
6166.598755	31.192091	0.009325	3.345137	108
6167.627265	31.265736	0.009346	3.345312	109
6168.692658	31.282415	0.009351	3.345184	110
6169.721437	31.244570	0.009342	3.344570	111
6170.785669	31.337589	0.009370	3.344587	112
6171.815143	31.256393	0.009345	3.344611	113
6172.878487	31.285534	0.009354	3.344643	114
6173.908096	31.278162	0.009351	3.344882	115
6174.973775	31.334194	0.009369	3.344411	116
6176.002179	31.306839	0.009357	3.345783	117
6177.066476	31.259926	0.009345	3.345265	118
6178.094392	31.248531	0.009343	3.344728	119
6179.159183	31.269142	0.009348	3.345112	120
6180.193332	31.233887	0.009338	3.344956	121
6181.255245	31.280842	0.009352	3.344750	122
6182.282642	31.258385	0.009345	3.345002	123
6183.346076	31.333267	0.009368	3.344736	124
6184.375848	31.280706	0.009353	3.344517	125
6185.439582	31.337334	0.009369	3.344949	126
6186.473024	31.316065	0.009360	3.345666	127
6187.535028	31.337603	0.009369	3.344955	128
6188.563518	31.291613	0.009355	3.345074	129
6189.627121	31.257164	0.009344	3.345083	130
6190.656525	31.269665	0.009348	3.345108	131
6191.721688	31.295191	0.009357	3.344744	132
6192.750714	31.289694	0.009355	3.344704	133
6193.812185	31.259760	0.009344	3.345276	134
6194.843268	31.289604	0.009353	3.345471	135
6195.907494	31.359011	0.009374	3.345379	136
6196.937134	31.271044	0.009350	3.344577	137
6198.001529	31.332941	0.009369	3.344483	138
6199.032000	31.329241	0.009367	3.344645	139
6200.094964	31.255558	0.009344	3.345089	140
6201.125061	31.265383	0.009346	3.345306	141
6202.187027	31.275995	0.009350	3.344980	142
6203.217719	31.352207	0.009373	3.344856	143
6204.281522	31.300436	0.009357	3.345282	144
6205.310630	31.294601	0.009354	3.345476	145
6206.376084	31.297636	0.009356	3.345220	146
6207.406570	31.301689	0.009357	3.345432	147
6208.468774	31.311735	0.009360	3.345203	148
6209.499013	31.264635	0.009346	3.345163	149
6210.562800	31.321894	0.009364	3.344940	150
6211.592091	31.318567	0.009363	3.344762	151
6212.656828	31.301947	0.009359	3.344731	152
6213.685325	31.225729	0.009336	3.344771	153
6214.748261	31.251276	0.009344	3.344603	154
6215.778128	31.317087	0.009364	3.344489	155
6216.842139	31.401548	0.009389	3.344567	156
6217.872550	31.271559	0.009349	3.344810	157
6218.937039	31.243093	0.009340	3.345075	158
6219.966963	31.267342	0.009348	3.344650	159
6221.028917	31.242142	0.009341	3.344713	160
6222.058576	31.299377	0.009357	3.344890	161
