num crossings	time (s)	maj axis (mm)	min axis (mm)	theta (rad )	slope (V/s)
3309	4156.936063	52.302401	1.678143	5.596236	36.565207
3311	4159.029153	55.370776	4.934025	5.555981	38.534127
3313	4161.122213	52.065788	1.663400	5.595539	37.807490
3315	4163.215865	54.757000	1.818355	5.578476	36.882335
3319	4167.401725	51.942069	1.647352	5.594146	37.961872
3321	4169.494975	52.757562	1.420726	5.580590	38.302300
3323	4171.588945	54.954797	5.414659	5.555203	38.311816
3325	4173.681628	52.261234	1.696774	5.596133	37.247823
3327	4175.774767	53.881328	1.775478	5.582208	37.983602
3329	4177.868497	54.891735	1.826158	5.578629	37.301600
3333	4182.054229	53.934110	1.841498	5.580716	37.562746
3335	4184.147227	54.918438	1.819018	5.578037	37.678551
3337	4186.240420	52.343440	1.682813	5.597614	38.804226
3339	4188.333943	55.163586	5.230887	5.555094	38.376905
3341	4190.427071	52.061946	1.649739	5.594877	37.498222
3343	4192.520517	54.417902	5.084943	5.553649	37.273564
3351	4200.893155	52.169831	1.660581	5.595902	38.251787
3353	4202.986375	52.975777	1.460378	5.581703	37.738560
3355	4205.079589	54.832755	1.820604	5.578238	38.566091
3361	4211.359103	53.910142	1.844066	5.580816	37.814139
3363	4213.452571	52.968953	1.425202	5.581444	38.258988
3365	4215.546378	55.819140	6.486911	5.551311	37.910868
3367	4217.639231	52.326891	1.682912	5.597132	37.471607
3369	4219.731908	52.975864	1.436138	5.581573	38.177838
3371	4221.825286	52.970173	1.466315	5.581986	38.789089
3373	4223.918881	54.938086	4.967056	5.558056	39.056282
3385	4236.478129	52.121063	1.699946	5.597094	37.552655
3387	4238.570701	55.071822	5.629237	5.553794	39.251928
3389	4240.664908	52.042255	1.683672	5.595317	38.431767
3391	4242.757863	55.071317	5.167097	5.556661	37.478025
3395	4246.944208	53.929004	1.885534	5.580529	39.589167
3397	4249.037429	53.916103	1.783399	5.582243	38.744522
3399	4251.130069	52.893695	1.440194	5.582039	36.830858
3401	4253.222855	57.701863	2.729002	5.569280	37.365509
3407	4259.502972	52.182874	1.672889	5.595709	38.042238
3409	4261.595955	54.914360	5.193148	5.558078	38.425693
3413	4265.782531	53.869696	1.868192	5.580764	38.451759
3415	4267.876743	55.851668	2.833851	5.564750	37.414573
3419	4272.062687	52.087456	1.655278	5.595616	38.534077
3421	4274.155931	54.332495	5.023587	5.555769	39.551066
3423	4276.249256	51.979058	1.615902	5.593786	37.506865
3425	4278.342376	55.044069	5.613503	5.553586	36.596781
3429	4282.528505	52.031581	1.678316	5.595904	38.273297
3431	4284.621880	54.841784	1.817413	5.578268	38.608767
3433	4286.714756	53.746046	2.412322	5.584565	37.164583
3447	4301.366949	53.868411	2.395163	5.584312	38.451266
3453	4307.646864	53.813562	1.840882	5.581143	37.487735
3455	4309.740106	52.796331	1.442365	5.581310	37.054378
3457	4311.833291	52.956979	1.462435	5.581671	38.720206
3459	4313.927416	52.852090	1.432329	5.581813	38.556627
3461	4316.020243	53.862338	1.777853	5.582421	37.955594
3463	4318.113155	54.721871	1.818043	5.578820	37.679758
3465	4320.206489	53.849647	2.376863	5.584005	39.515808
3475	4330.670917	53.838580	2.402276	5.584185	38.188320
3477	4332.764131	53.869047	2.382711	5.583883	37.303589
3479	4334.857672	53.869883	2.394928	5.584049	38.192927
3481	4336.951186	52.199038	1.654616	5.595509	37.660993
3483	4339.044780	55.113156	5.042996	5.556162	38.531533
3485	4341.137844	52.347124	1.703343	5.597411	38.157912
3487	4343.231007	54.842915	1.821071	5.578235	37.768558
3489	4345.324137	53.880853	1.853723	5.580967	38.252944
3491	4347.417518	54.861479	1.819646	5.578247	37.259132
3501	4357.883416	53.926281	1.846922	5.580911	37.787662
3503	4359.976382	54.766788	1.819289	5.578939	37.580858
3507	4364.163165	51.982417	1.637031	5.593909	37.204068
3509	4366.256155	55.174781	5.226971	5.555376	37.056358
3513	4370.442401	53.932668	1.869649	5.580457	39.260811
3515	4372.535391	55.752193	6.598553	5.550675	38.117001
3519	4376.722574	53.578634	2.352291	5.584058	37.101425
3525	4383.003310	52.505883	1.689681	5.598854	38.298063
3527	4385.096952	52.973219	1.422143	5.582209	37.884454
3529	4387.189568	55.182019	4.871830	5.557471	37.435356
3531	4389.283344	52.158885	1.661989	5.596324	37.911789
3533	4391.376361	55.264319	5.317701	5.554327	37.727323
3535	4393.469513	51.957609	1.642651	5.594360	37.150152
3537	4395.562642	53.844682	4.008969	5.571279	37.744621
3539	4397.655653	52.153474	1.647185	5.595687	37.423009
3541	4399.749589	52.864026	1.421185	5.581705	38.812758
3543	4401.842242	55.085994	5.229408	5.556053	36.581279
3547	4406.028768	52.068761	1.635450	5.595822	38.089285
3549	4408.122051	54.927482	1.815707	5.577676	38.419731
3553	4412.308057	52.141518	1.675397	5.596950	36.092775
3555	4414.401067	52.988256	1.415328	5.581989	40.199890
3557	4416.494256	52.986975	1.406748	5.581613	39.046351
3559	4418.587359	55.084069	5.420864	5.554304	37.979951
3561	4420.680773	52.200983	1.645788	5.596263	38.261786
3563	4422.773624	53.888410	1.765626	5.582100	38.321405
3565	4424.867392	54.878582	1.813125	5.577960	38.589644
3569	4429.053459	52.168213	1.654723	5.595890	37.914892
3571	4431.146320	53.895110	1.765106	5.582121	38.535383
3573	4433.239939	54.738181	1.812182	5.578359	38.452233
3577	4437.425385	52.201971	1.673805	5.596611	38.380782
3579	4439.518863	54.842868	1.811333	5.578579	37.959260
3589	4449.985777	52.117534	1.643174	5.595309	37.224086
3591	4452.078366	55.069368	5.067578	5.556143	39.313231
3599	4460.451818	52.015521	1.630023	5.593013	38.740758
3601	4462.545259	54.887679	1.807985	5.577327	37.028370
3605	4466.730522	52.107497	1.662306	5.595591	37.649060
3607	4468.824176	54.989964	5.365600	5.555839	39.010928
3609	4470.917563	53.694717	2.383009	5.583668	38.347161
3611	4473.011087	51.982863	1.618911	5.593247	38.384430
3613	4475.103819	55.184448	5.641028	5.552502	36.680468
3621	4483.476579	51.937725	1.619595	5.593720	36.566261
3623	4485.570439	52.968108	1.400966	5.581019	36.103108
3625	4487.663521	55.347359	5.629737	5.551696	37.097866
3627	4489.756871	51.920860	1.626690	5.593627	37.986172
3629	4491.850342	53.878725	1.765116	5.581989	37.206802
3631	4493.942445	52.945784	1.410368	5.581586	38.530082
3633	4496.036099	53.884311	1.771837	5.581670	37.766085
3635	4498.129129	54.945324	1.813106	5.577919	38.189209
3637	4500.222393	53.947730	1.826523	5.580708	37.690389
3639	4502.315772	52.931971	1.409736	5.581276	39.039286
3641	4504.408771	53.869319	1.762814	5.581852	38.305599
3643	4506.501059	55.225321	5.150115	5.553979	36.085182
3651	4514.874478	53.929131	1.835943	5.580713	37.962507
3653	4516.967610	55.103024	5.326449	5.554196	38.131658
3655	4519.060783	53.848860	2.402987	5.583942	37.325082
3659	4523.246952	53.843840	2.360915	5.583746	38.445116
3663	4527.434084	53.925468	2.391072	5.583373	38.992224
3669	4533.713751	53.685598	2.387834	5.583801	37.838876
3671	4535.806688	52.005004	1.646429	5.594915	38.366872
3673	4537.900326	53.867929	1.785613	5.581768	37.688533
3675	4539.993479	54.991044	5.191999	5.556272	38.238393
3681	4546.273209	52.024629	1.644074	5.593855	38.546262
3683	4548.366358	52.956087	1.446639	5.580873	37.473772
3685	4550.459722	54.896786	1.827668	5.578153	38.944328
3693	4558.832568	53.889822	2.389965	5.583752	37.837276
3695	4560.925956	53.854762	2.391017	5.583966	37.718852
3697	4563.019169	52.004662	1.644844	5.594823	37.598616
3699	4565.112349	54.829682	1.816522	5.578647	36.639240
3701	4567.205064	53.551233	2.439169	5.585200	37.779149
3703	4569.298356	52.262814	1.656707	5.597072	38.039931
3705	4571.390867	52.865581	1.432709	5.581884	37.940120
3707	4573.483740	54.936630	5.408462	5.555590	36.980279
3711	4577.669609	53.937415	1.849682	5.580461	38.643659
3713	4579.763385	52.918345	1.425353	5.581532	38.592987
3715	4581.856807	53.001031	1.430219	5.581325	37.572656
3717	4583.951140	54.979223	5.409474	5.554833	37.886468
3721	4588.137671	53.870144	2.374043	5.583805	38.372405
3723	4590.230747	52.141648	1.664780	5.595634	39.135881
3725	4592.324247	54.783036	1.817120	5.577993	37.551764
3729	4596.510105	53.950492	2.357098	5.583097	36.372438
3733	4600.695892	52.200879	1.691362	5.596603	38.792575
3735	4602.789749	53.872000	1.779441	5.581827	37.558321
3737	4604.882704	53.905316	1.781437	5.581870	36.579115
3739	4606.976198	52.845141	1.439638	5.581542	38.501849
3741	4609.069318	54.938028	1.832462	5.578891	37.458017
3743	4611.162325	53.915658	2.367571	5.583252	38.549625
3747	4615.348663	52.109550	1.638850	5.594852	38.657721
3749	4617.442039	54.791359	1.817585	5.578189	37.555405
3751	4619.534999	53.889903	2.385270	5.583375	38.242005
3757	4625.814755	53.889642	2.381900	5.583438	36.913206
3761	4630.000359	52.329226	1.681132	5.596839	37.693775
3763	4632.093982	53.866170	1.777250	5.581766	37.130950
3765	4634.187526	54.785624	1.811287	5.578436	37.415212
3769	4638.373074	53.860271	2.391252	5.583755	38.675148
3773	4642.559613	53.636996	2.420324	5.584142	37.212187
3775	4644.652941	52.045535	1.615220	5.593716	37.394406
3777	4646.745733	54.821901	1.819947	5.578189	38.081350
3783	4653.026388	53.913821	2.339630	5.583292	37.404640
3785	4655.119020	52.234019	1.679934	5.596377	36.889837
3787	4657.212046	54.786048	5.305973	5.557246	38.657244
3789	4659.305067	51.978764	1.656523	5.594729	37.931182
3791	4661.398717	53.822649	1.782363	5.581814	36.929911
3793	4663.492220	55.110389	4.682081	5.558382	36.946907
3797	4667.678559	52.214286	1.693927	5.595836	38.074439
3799	4669.771821	54.843258	1.811296	5.578342	37.485686
3801	4671.864865	52.067648	1.666154	5.595763	36.979190
3803	4673.958106	55.095023	5.023641	5.556332	38.584942
3807	4678.144924	51.943441	1.620631	5.593875	38.490645
3809	4680.237945	55.124743	5.282068	5.555120	36.489674
3811	4682.330934	53.846427	2.369235	5.583373	37.794722
3813	4684.424423	53.929411	1.827002	5.580857	37.501724
3815	4686.517077	55.079660	5.004926	5.556199	37.320493
3821	4692.797219	53.921788	1.868302	5.580261	37.474770
3823	4694.890264	54.985318	5.625164	5.553445	36.739124
3827	4699.076632	53.903183	1.837559	5.580657	37.897858
3829	4701.171463	54.632267	1.802060	5.578211	37.381417
3833	4705.358194	53.884657	1.832197	5.580633	38.347376
3835	4707.450334	52.885753	1.410883	5.581406	37.221610
3837	4709.543770	55.046361	5.392225	5.554490	38.522808
3839	4711.636904	53.932147	1.844728	5.580290	37.757001
3841	4713.730570	54.705952	1.811263	5.578426	37.433699
3843	4715.822995	53.898957	2.382591	5.583680	38.140549
3847	4720.009603	51.944875	1.640216	5.593904	37.505745
3849	4722.103267	55.235425	5.223296	5.555099	37.424133
3853	4726.290295	51.987589	1.648052	5.594454	39.372899
3855	4728.383155	54.781116	1.812092	5.578156	36.991362
3857	4730.476168	53.972156	1.837282	5.580643	38.462867
3859	4732.568760	54.870030	1.805425	5.577744	37.252982
3861	4734.661674	51.992511	1.626861	5.594171	37.446046
3863	4736.755170	55.106201	5.033125	5.555797	37.799356
3865	4738.848324	53.935656	1.861914	5.580297	38.520272
3869	4743.035600	53.915757	1.837493	5.580730	38.012257
3871	4745.128106	54.862910	5.414597	5.556630	37.250473
3881	4755.593679	52.027939	1.663621	5.595003	38.796768
3883	4757.687299	53.873898	1.779710	5.581965	38.526481
3885	4759.780812	52.874073	1.415112	5.581159	38.505255
3887	4761.873967	54.933267	5.334139	5.556494	36.990537
3893	4768.153460	53.687948	2.394324	5.584048	38.292814
3901	4776.525563	51.989899	1.652047	5.594363	38.055751
3903	4778.618987	55.193975	4.984455	5.556062	38.867596
3905	4780.712404	53.862415	1.843149	5.581133	36.861405
3907	4782.805420	54.928938	5.330962	5.556053	38.053670
3909	4784.898283	51.992664	1.649836	5.593600	37.499475
3911	4786.991594	54.860170	5.547493	5.554712	37.333660
3917	4793.271711	52.074752	1.662966	5.595398	38.449394
3919	4795.364574	54.883640	1.811655	5.577845	37.617871
3921	4797.457439	53.932613	1.842535	5.580936	38.950587
3923	4799.551329	52.914140	1.458524	5.581781	38.774649
3925	4801.644944	55.337105	5.067792	5.554924	38.319350
3927	4803.737895	52.460571	1.698528	5.597143	37.243543
3929	4805.830634	53.872773	1.779601	5.582065	36.976183
3931	4807.923845	54.936729	5.466090	5.554980	37.471865
3935	4812.110986	53.937584	2.348848	5.583259	37.960596
3941	4818.390820	53.863846	2.386079	5.583538	37.726364
3945	4822.577721	52.262419	1.705331	5.596574	38.215769
3947	4824.670555	54.922644	1.831441	5.578767	38.452565
3949	4826.763804	53.903792	2.351018	5.583240	37.172690
3951	4828.857042	52.063652	1.683472	5.595271	38.478524
3953	4830.950372	55.103191	5.158068	5.556020	39.553067
3957	4835.137368	52.314716	1.704956	5.597531	36.813628
3959	4837.230485	54.921771	1.828258	5.577810	38.725164
3961	4839.322724	51.165725	1.628071	5.593271	38.592400
3963	4841.416019	54.903359	1.833915	5.578799	38.109830
3965	4843.509558	53.900135	2.368619	5.583817	38.669373
3967	4845.602754	51.052017	1.626245	5.594172	37.152435
3969	4847.695988	52.915717	1.429443	5.581683	37.318050
3971	4849.789060	54.969023	5.221137	5.556767	38.647588
3981	4860.255419	53.871185	2.392776	5.583701	38.326937
3983	4862.348635	52.268254	1.689486	5.596331	36.604431
3985	4864.441579	55.210596	5.176636	5.555927	38.359795
3989	4868.628175	51.190026	1.676878	5.594930	38.615378
3991	4870.721484	52.882581	1.457141	5.581409	37.833159
3993	4872.814829	54.874105	1.826702	5.578054	37.016728
3997	4877.000980	53.922820	1.834063	5.581200	37.460959
3999	4879.094333	52.827858	1.465072	5.581697	37.532393
4001	4881.187238	52.862972	1.440715	5.581081	36.921658
4003	4883.280610	55.198752	4.999138	5.555967	37.582366
4009	4889.560503	52.025129	1.645142	5.593976	37.390642
4011	4891.653445	53.884552	1.777125	5.582010	36.636464
4013	4893.746527	52.933875	1.461946	5.581525	39.303026
4015	4895.840056	54.747860	1.830186	5.578440	38.214480
4021	4902.119910	53.847523	2.386202	5.583891	36.319905
4029	4910.492856	52.370517	1.720023	5.597420	38.819140
4031	4912.585685	52.862652	1.439246	5.581835	37.286731
4033	4914.678265	56.153433	5.854954	5.564128	37.455086
4045	4927.238104	52.253901	1.721551	5.598422	39.171489
4047	4929.331024	52.921751	1.421504	5.582282	38.732844
4049	4931.424267	54.821255	1.845107	5.578570	38.880566
4051	4933.517120	52.038302	1.677156	5.596412	37.756492
4053	4935.610247	53.822608	1.797929	5.582602	37.993605
4055	4937.703855	54.803851	1.841924	5.578781	38.819064
4057	4939.797417	53.671873	2.456849	5.584821	37.656256
4059	4941.890257	52.537189	1.730279	5.599978	38.265233
4061	4943.983136	55.039608	5.162649	5.557067	36.928844
4065	4948.169907	52.123796	1.715026	5.597175	35.947215
4067	4950.263119	55.061388	5.459884	5.555243	36.359178
4069	4952.356084	51.985185	1.690063	5.595331	38.205513
4071	4954.448895	54.816593	1.847504	5.578789	37.451492
4073	4956.543254	53.896632	1.892317	5.581178	37.704300
4075	4958.636184	54.877735	1.851360	5.578731	37.054461
4079	4962.822397	51.996021	1.690086	5.595453	38.775221
4081	4964.915766	55.075453	5.367899	5.555139	38.300221
4083	4967.008969	52.028366	1.680468	5.594695	37.801187
4085	4969.101978	55.137768	5.445168	5.554361	36.379450
4087	4971.195289	53.621407	2.431091	5.584899	38.983657
4089	4973.288889	53.891483	2.388874	5.584343	38.060486
4091	4975.382300	52.333426	1.743724	5.598615	37.076208
4093	4977.475180	54.877398	5.324218	5.557502	36.773940
4095	4979.567870	51.978545	1.689058	5.595459	37.958822
4097	4981.661693	52.923572	1.447797	5.582277	38.235949
4099	4983.754768	53.888950	1.798514	5.583084	37.214638
4101	4985.848002	58.307687	2.864502	5.570210	37.275115
4105	4990.033833	52.312946	1.711251	5.597911	37.097546
4107	4992.127776	52.969625	1.441850	5.582345	39.375913
4109	4994.220821	55.055706	5.286791	5.556647	36.428185
4113	4998.406711	52.040905	1.679862	5.596301	37.358513
4115	5000.499922	52.844563	1.432352	5.582312	38.427136
4117	5002.593559	54.861578	1.837560	5.578591	37.627479
4119	5004.686992	53.833786	2.420571	5.584764	38.315434
4121	5006.779590	53.914742	2.398183	5.584370	37.578918
4123	5008.872950	53.854969	2.415444	5.584562	37.629397
4129	5015.152740	51.931477	1.691424	5.595177	37.992310
4131	5017.245992	53.862369	1.807516	5.583013	39.176872
4133	5019.339789	53.006639	1.445079	5.582685	37.990822
4135	5021.432451	55.032962	5.283231	5.556468	37.667720
4141	5027.712095	53.942675	1.859277	5.581630	39.121123
4143	5029.805028	52.994272	1.459461	5.582334	38.079010
4145	5031.899138	54.921632	1.842296	5.578578	38.945952
4147	5033.991983	52.296808	1.727713	5.597616	36.284099
4149	5036.084928	54.713165	1.840040	5.579449	38.748842
4151	5038.178086	53.870027	2.401129	5.584630	39.210216
4159	5046.551156	53.918182	1.883071	5.581425	37.069042
4161	5048.644527	52.711234	1.428103	5.581760	38.461971
4163	5050.737670	54.770419	5.394339	5.557951	38.946715
4171	5059.110475	53.915860	1.865987	5.582079	38.317942
4173	5061.203390	54.941116	1.848543	5.579210	37.225454
4181	5069.575969	51.074420	1.656216	5.596059	37.798813
4183	5071.669605	53.888159	1.788093	5.583144	38.162385
4185	5073.762550	54.902193	1.840762	5.579319	38.029458
4187	5075.856146	53.875476	2.405029	5.585010	38.255615
4193	5082.135674	52.130643	1.680177	5.597870	37.930549
4195	5084.229224	54.890238	1.832421	5.579242	38.805271
4197	5086.321734	53.940188	1.850001	5.582191	38.291183
4199	5088.415894	55.096408	5.546563	5.555894	36.295047
4201	5090.508266	53.932157	1.853505	5.582247	37.777344
4203	5092.601112	53.855760	1.784557	5.583447	38.076489
4205	5094.695373	54.838733	1.833599	5.579831	37.282388
4207	5096.788531	52.376654	1.728948	5.599481	37.293357
4209	5098.880866	55.063955	5.150507	5.557770	36.869935
4211	5100.974752	53.968750	1.869856	5.582049	37.037629
4213	5103.067272	54.901363	1.835891	5.579363	37.013063
4219	5109.347479	53.775024	2.413610	5.585348	36.284327
4221	5111.440429	53.959547	1.881367	5.581749	38.095534
4223	5113.533768	52.892074	1.441161	5.582650	39.143955
4225	5115.627286	52.754877	1.446981	5.582748	38.111641
4227	5117.720130	52.858880	1.419728	5.582978	37.441187
4229	5119.813140	52.964567	1.442649	5.583273	37.925757
4231	5121.906588	53.897480	1.781179	5.583422	38.261358
4233	5123.999802	55.225417	4.830604	5.558500	38.874664
4237	5128.185960	52.444911	1.708615	5.599268	37.041599
4239	5130.279434	53.896402	1.784978	5.583170	37.452771
4241	5132.372647	54.889300	1.824795	5.579342	38.592514
4245	5136.558697	52.079067	1.690304	5.596529	37.103848
4247	5138.652155	55.166261	5.163270	5.556057	38.487029
4249	5140.745462	52.284001	1.721050	5.597907	38.055019
4251	5142.838694	54.889581	1.826609	5.579384	37.705112
4253	5144.931851	53.836715	2.344915	5.585048	36.341463
4255	5147.025118	52.126187	1.672336	5.596773	38.416478
4257	5149.118351	52.752190	1.413292	5.582126	38.352873
4259	5151.211549	54.862611	1.822935	5.579585	37.139749
4263	5155.398056	51.895185	1.656312	5.595018	38.558161
4265	5157.491185	52.832204	1.445211	5.582781	36.597675
4267	5159.584572	55.541361	6.797320	5.552789	36.978538
4273	5165.864509	53.928989	1.846521	5.582321	38.739895
4275	5167.957711	54.848292	1.819901	5.579623	38.713541
4277	5170.050928	53.872779	2.418647	5.585520	36.909227
4279	5172.143587	52.441118	1.686428	5.600223	38.644251
4281	5174.237176	54.866077	1.823899	5.578955	39.477616
4283	5176.330468	53.890743	2.400035	5.585052	38.639618
4287	5180.516642	53.903594	1.842720	5.582124	37.996284
4289	5182.609940	55.163565	5.357378	5.556260	38.321414
4291	5184.703080	53.760910	2.406822	5.585399	38.002384
4293	5186.796401	52.215517	1.670375	5.597329	37.198376
4295	5188.889178	55.536600	6.436573	5.554783	37.067821
4299	5193.075444	53.942912	1.868741	5.582071	37.668430
4301	5195.168933	54.845707	1.817305	5.579703	38.668912
4303	5197.262109	53.748794	2.404384	5.585427	38.038819
4305	5199.355170	51.174083	1.554109	5.595356	38.040172
4307	5201.448678	54.978734	5.107455	5.558202	37.199649
4309	5203.541772	53.943575	1.867727	5.581892	37.357939
4311	5205.634559	54.777771	1.819717	5.579743	38.329954
4317	5211.914980	51.074470	1.634997	5.595836	38.266853
4319	5214.007577	55.063774	5.279004	5.557073	38.314699
4323	5218.194043	53.902119	2.368299	5.584849	38.676326
4329	5224.474464	53.881654	2.390398	5.585292	37.606725
4333	5228.660021	53.924313	1.839919	5.582241	37.573054
4335	5230.753833	54.822909	1.822620	5.579545	38.047868
4337	5232.847472	53.912517	2.387777	5.584952	37.912612
4339	5234.940779	52.484705	1.696024	5.598188	38.813353
4341	5237.034406	55.025173	1.829744	5.579291	38.407056
4343	5239.127407	53.919653	1.835897	5.582176	38.261421
4345	5241.221016	52.963666	1.417647	5.582865	38.244628
4347	5243.313864	52.880265	1.447385	5.582692	37.313871
4349	5245.406735	52.960204	1.412000	5.582897	37.966908
4351	5247.499949	54.978540	5.391741	5.556942	38.154603
4353	5249.592952	53.909537	2.379659	5.584940	38.357628
4357	5253.778707	53.755956	2.423766	5.585719	36.468976
4361	5257.965544	53.935034	1.830725	5.581941	38.104047
4363	5260.059342	54.897996	1.810323	5.579264	38.140322
4367	5264.245071	52.287838	1.684324	5.598445	37.289717
4369	5266.338553	54.956732	5.021015	5.558538	39.180629
4381	5278.897729	53.917344	1.829541	5.582094	36.185184
4383	5280.991160	55.067427	5.510716	5.555099	37.262467
4389	5287.271602	51.941914	1.648580	5.595713	37.474586
4391	5289.363766	52.903463	1.416156	5.582898	37.139050
4393	5291.456746	54.756819	1.807036	5.579376	38.418459
4395	5293.550570	53.934317	2.373985	5.584744	39.021472
4399	5297.736954	52.108401	1.673457	5.597051	38.469753
4401	5299.830305	54.883995	1.818254	5.578956	37.085596
4409	5308.203460	51.896666	1.634715	5.595550	37.164867
4411	5310.295532	52.992195	1.415019	5.582855	38.352268
4413	5312.388920	54.732260	1.813171	5.579859	37.181794
4415	5314.482430	52.402300	1.713366	5.599822	38.503200
4417	5316.575022	53.901389	1.777094	5.583032	37.848922
4419	5318.668998	53.636188	4.405133	5.569800	37.469690
4429	5329.134629	53.861657	2.362985	5.585179	38.134550
4433	5333.321148	53.631097	2.381914	5.585464	36.913363
4437	5337.507651	53.903331	2.369695	5.585106	38.038675
4439	5339.600908	53.917253	1.843170	5.582365	37.144536
4441	5341.694327	53.846823	1.780928	5.583482	37.158965
4443	5343.787245	54.849632	1.812990	5.579396	38.331084
4445	5345.880984	53.916514	2.365491	5.584781	38.004108
4447	5347.973597	53.888995	2.368480	5.584857	38.476719
4453	5354.253663	52.352890	1.694695	5.598541	37.459229
4455	5356.346748	54.816208	5.362752	5.557755	36.773740
4465	5366.813314	53.647042	2.396110	5.585528	36.499654
4467	5368.906220	53.870572	2.397961	5.585037	37.518370
4469	5370.999944	53.792085	2.405419	5.585178	37.236556
4471	5373.093450	53.641767	2.417426	5.585681	37.377643
4479	5381.465793	53.921608	2.393366	5.585027	36.450837
4481	5383.558520	52.006259	1.653599	5.595928	37.025074
4483	5385.651454	53.285566	4.283926	5.570356	37.404731
4487	5389.838102	53.880341	2.391867	5.585176	38.522564
4495	5398.210209	52.060672	1.670886	5.596480	37.646160
4497	5400.303442	52.996270	1.445974	5.583101	37.262894
4499	5402.395722	54.742485	1.846083	5.580821	38.708616
4503	5406.582830	53.888991	1.877471	5.581908	38.576788
4505	5408.675608	52.832095	1.467621	5.583329	37.026457
4507	5410.769367	52.994270	1.456876	5.583099	36.094060
4509	5412.861988	55.001070	5.677111	5.554490	37.997386
4511	5414.955819	52.047108	1.664634	5.596389	38.863303
4513	5417.049151	55.075149	5.034345	5.558417	38.590383
4515	5419.142385	53.847363	2.401148	5.585407	37.965485
4517	5421.235238	53.901372	2.366716	5.584732	38.410309
4519	5423.328450	53.847074	2.390873	5.585169	38.979243
4521	5425.421777	52.087258	1.691702	5.597264	38.161321
4523	5427.515520	54.839801	1.830375	5.579521	38.915059
4525	5429.608755	52.086945	1.680234	5.596696	36.822787
4527	5431.701298	55.105746	5.216289	5.556380	38.000224
4531	5435.888177	52.418597	1.718854	5.599429	38.249244
4533	5437.981351	55.057903	5.123135	5.556931	38.270005
4539	5444.261205	52.083032	1.696061	5.597586	37.274425
4541	5446.354071	54.799789	1.829439	5.579599	37.484378
4545	5450.540145	53.866841	2.386850	5.585245	37.435386
4549	5454.727235	53.904203	1.860034	5.582434	37.223437
4551	5456.819542	53.816106	1.783391	5.583486	38.251451
4553	5458.913137	55.075455	5.506176	5.554463	39.197208
4559	5465.192785	53.624855	2.419109	5.585839	38.725360
4561	5467.285797	52.238909	1.707463	5.599423	38.007241
4563	5469.379519	54.842441	1.826802	5.579511	37.561870
4565	5471.472110	53.922619	1.850064	5.582225	37.779496
4567	5473.565618	54.950053	5.417828	5.556254	39.105184
4575	5481.939658	53.609048	2.395269	5.585483	37.294932
4579	5486.125500	52.032318	1.672211	5.596622	37.677154
4581	5488.219432	55.058170	5.071482	5.556908	37.793323
4583	5490.313254	53.885281	2.390630	5.584760	37.527393
4585	5492.406508	53.882096	2.395769	5.584920	36.632108
4587	5494.499603	52.064048	1.659797	5.597051	38.575709
4589	5496.593221	55.123383	5.162798	5.557435	38.185425
4591	5498.686633	53.925714	1.882804	5.581481	37.370811
4593	5500.779455	52.875461	1.442076	5.582825	38.914098
4595	5502.872830	53.894887	1.787744	5.583054	38.456068
4597	5504.965692	52.851237	1.420539	5.582669	38.747870
4599	5507.059370	54.987855	5.138246	5.558260	37.841536
4601	5509.151856	52.345086	1.711625	5.599193	37.706036
4603	5511.245395	55.022976	5.053466	5.558609	37.464677
4609	5517.525028	51.930349	1.633174	5.594386	38.054259
4611	5519.618144	54.295307	2.027663	5.581785	36.871659
4623	5532.177292	52.271171	1.677886	5.597672	37.465786
4625	5534.270665	52.860133	1.441398	5.582327	37.360098
4627	5536.363887	54.817872	5.225440	5.559307	37.687489
4631	5540.550439	52.129000	1.682790	5.597243	36.273065
4633	5542.643170	53.192168	4.868109	5.565662	37.382967
4637	5546.829901	52.199734	1.692462	5.597360	37.257841
4639	5548.923011	52.953040	1.437808	5.583171	36.874705
4641	5551.016100	55.099007	5.147816	5.557281	38.478104
4643	5553.109397	53.888981	2.409523	5.584878	37.167134
4645	5555.202792	53.905816	2.409126	5.584615	38.035263
4651	5561.481806	52.210636	1.675268	5.598004	38.604620
4653	5563.575771	53.885180	1.796348	5.583201	38.380987
4655	5565.668714	54.869286	1.828092	5.579049	38.085865
4659	5569.855041	53.929340	1.873795	5.581721	37.459017
4661	5571.948782	55.036844	5.213089	5.557865	38.913937
4663	5574.041696	52.366783	1.725944	5.598418	37.567252
4665	5576.134682	52.775289	1.440109	5.582374	38.577084
4667	5578.228459	55.059867	5.143740	5.557445	37.656762
4671	5582.414887	51.972726	1.671743	5.595608	38.011465
4673	5584.507557	52.902471	1.425938	5.582493	37.299996
4675	5586.600998	52.909994	1.442787	5.582905	39.301108
4677	5588.693989	54.843821	1.827656	5.579360	37.984406
4681	5592.880366	53.889481	1.870127	5.581957	37.459337
4683	5594.973780	55.629349	2.782500	5.564459	38.164524
4685	5597.067108	52.072817	1.660655	5.596211	37.704637
4687	5599.160176	54.863970	1.839885	5.579106	36.937983
4695	5607.532980	53.748552	2.406352	5.585241	38.211932
4699	5611.719679	53.930947	1.860250	5.582377	38.392878
4701	5613.812589	55.060980	5.414140	5.556123	38.810417
4709	5622.185183	53.925572	1.882544	5.581883	38.546830
4711	5624.279291	52.716856	1.396332	5.582096	37.696135
4713	5626.372335	55.083483	5.517386	5.555565	37.398414
4715	5628.465054	53.866326	2.404036	5.584831	38.060981
4717	5630.558200	53.872473	2.432945	5.584909	38.659068
4719	5632.651922	52.232092	1.706006	5.598839	38.349492
4721	5634.745147	53.888890	1.795847	5.582808	37.953339
4723	5636.838184	55.051326	5.091543	5.557742	37.757182
4725	5638.930917	53.946611	2.415485	5.584670	38.800192
4727	5641.024647	52.143975	1.677036	5.597082	38.884414
4729	5643.117563	55.029550	5.080980	5.558286	37.442029
4735	5649.397492	52.527181	1.707503	5.599913	39.116707
4737	5651.490731	54.864889	1.828642	5.579241	37.930187
4739	5653.583601	53.909807	1.868321	5.581857	37.508901
4741	5655.676580	54.901172	5.543643	5.556214	37.405416
4743	5657.769778	51.944153	1.654746	5.595924	38.558044
4745	5659.863285	52.979653	1.435867	5.582370	38.380616
4747	5661.956251	54.865123	1.834847	5.579099	37.213890
4749	5664.049532	53.933618	1.879748	5.581508	38.387966
4751	5666.143020	55.220341	5.548127	5.554320	38.814719
4757	5672.422324	51.915475	1.679557	5.595121	37.834843
4759	5674.515593	53.080105	1.468621	5.582803	38.219733
4761	5676.609421	53.951726	2.253100	5.579121	38.212078
4769	5684.982652	52.111720	1.697893	5.596725	39.380884
4771	5687.075727	55.256918	5.164165	5.556486	37.885721
4773	5689.168852	51.109616	1.654792	5.594118	37.790238
4775	5691.261744	53.022186	1.452087	5.582599	37.720429
4777	5693.354861	54.733080	1.841643	5.579485	36.715765
4779	5695.448757	52.355662	1.705594	5.597921	37.628712
4781	5697.541464	55.127672	5.219475	5.556873	36.861069
4789	5705.913747	52.756170	1.749841	5.601443	37.418791
4791	5708.007235	54.989467	5.558055	5.555603	38.703525
4793	5710.100583	52.104139	1.684601	5.596379	38.935985
4795	5712.193868	53.246182	4.822449	5.565483	38.735567
4797	5714.286989	52.125012	1.682388	5.596638	38.494175
4799	5716.380157	52.906025	1.456925	5.582642	38.758220
4801	5718.473519	55.193661	5.498214	5.554488	37.857840
4803	5720.566592	53.932034	1.865420	5.582194	37.793946
4805	5722.659301	54.416138	5.359886	5.553855	38.739542
4809	5726.846464	53.906813	2.385620	5.585306	37.492624
4815	5733.125428	53.913165	1.863716	5.582258	37.809011
4817	5735.218987	54.977450	5.265416	5.557861	37.903378
4819	5737.312448	53.927075	1.862450	5.582214	38.388641
4821	5739.405691	54.246191	2.933325	5.576140	37.881925
4829	5747.778578	53.906098	1.889772	5.582378	37.872834
4831	5749.871764	55.763089	6.459398	5.553636	37.434943
4835	5754.058417	53.886647	1.871991	5.582300	39.286875
4837	5756.151767	54.799729	1.845358	5.579087	36.730715
4841	5760.338023	53.881047	2.416435	5.584869	37.388410
4843	5762.431417	52.023629	1.651824	5.595721	37.426920
4845	5764.524405	55.108114	5.067987	5.558567	37.368400
4847	5766.617297	53.950253	1.866700	5.581968	37.386760
4849	5768.710897	54.817893	1.847251	5.579792	38.116007
4853	5772.896877	53.930791	1.901045	5.581799	37.861156
4855	5774.990284	52.918666	1.482509	5.583008	37.742225
4857	5777.083388	54.796940	1.845056	5.580318	37.867419
4863	5783.362631	53.865527	2.405649	5.585327	38.043403
4867	5787.548985	53.925235	1.893403	5.581924	36.572522
4869	5789.642613	54.889306	1.852385	5.580283	38.359331
4871	5791.736298	52.162056	1.708813	5.598233	38.104022
4873	5793.829137	53.508286	4.213719	5.571186	37.959240
4877	5798.015387	53.931999	1.860733	5.582463	37.243130
4879	5800.108486	54.967966	5.447548	5.556471	37.540679
4881	5802.201945	53.917244	1.908935	5.581508	38.851346
4883	5804.295356	54.508955	5.340763	5.553594	39.340168
4887	5808.481847	53.801678	2.401510	5.585319	36.979373
4889	5810.574914	53.957360	2.355680	5.584673	37.294662
4895	5816.855012	53.688797	2.375121	5.585273	37.551564
4897	5818.948381	52.272803	1.706933	5.598215	36.348847
4899	5821.041353	53.877495	1.789850	5.583304	39.384844
4901	5823.134540	54.842915	1.836738	5.579514	38.101073
4903	5825.227725	53.938378	2.406311	5.585139	37.791397
4911	5833.600706	53.958810	2.354938	5.584658	37.941183
4913	5835.693568	53.924510	2.399541	5.584961	37.330161
4915	5837.787088	52.207411	1.700282	5.597695	37.815397
4917	5839.880755	54.814883	1.829791	5.579673	37.646487
4919	5841.973345	53.911152	1.853272	5.581977	37.494263
4921	5844.066423	53.920135	1.779919	5.583554	37.651426
4923	5846.159227	55.041892	5.285726	5.557587	37.683584
4931	5854.532358	53.888402	1.848331	5.582226	38.763487
4933	5856.625596	52.985227	1.462502	5.583038	37.729664
4935	5858.718866	55.086507	5.177146	5.557078	38.756168
4939	5862.905292	53.853721	2.350599	5.584720	38.774052
4941	5864.998711	53.913434	2.354954	5.584699	38.902133
4943	5867.091819	53.679038	2.413479	5.585596	37.836696
4947	5871.277946	53.915111	2.356596	5.584588	37.320273
4951	5875.464874	53.717190	2.405763	5.585112	36.758640
4953	5877.557485	53.864879	2.397613	5.584984	39.406015
4955	5879.651746	53.913957	1.869711	5.581766	38.327338
4957	5881.744688	53.860115	1.779125	5.582883	36.725624
4959	5883.837747	54.848359	1.833786	5.579599	37.941380
4965	5890.117604	53.888833	2.404487	5.584532	38.589816
4967	5892.210536	52.034848	1.633182	5.595108	35.968479
4969	5894.303563	55.219247	5.552866	5.554248	38.398750
4973	5898.490057	52.351044	1.721336	5.598164	38.039725
4975	5900.583446	54.321488	4.982928	5.556419	38.615121
4979	5904.770191	53.898349	1.839104	5.581758	38.925434
4981	5906.863038	52.861354	1.443402	5.582747	36.959281
4983	5908.955755	53.208124	4.763149	5.566085	38.786817
4987	5913.142261	52.135628	1.684365	5.597602	37.543688
4989	5915.234606	54.917103	5.710755	5.554942	37.322177
4993	5919.421822	53.929759	1.850500	5.582056	38.548708
4995	5921.514687	52.903902	1.429294	5.582502	38.086615
4997	5923.607775	54.720580	1.831379	5.579945	37.814993
4999	5925.701138	53.692689	2.401900	5.585078	37.986442
5003	5929.887445	53.925270	1.866697	5.581770	37.388512
5005	5931.980067	54.873458	1.831181	5.579385	37.447091
5007	5934.074151	53.932014	1.849101	5.582303	38.025557
5009	5936.167792	53.795154	1.781089	5.583515	37.528037
5011	5938.260174	52.874989	1.429746	5.582671	37.687219
5013	5940.353773	52.950492	1.458885	5.583111	38.123391
5015	5942.447298	54.258184	4.588403	5.569611	38.234323
5019	5946.633616	51.983808	1.655364	5.595722	37.094094
5021	5948.726510	53.832807	1.785581	5.583019	37.547690
5023	5950.820262	54.966702	4.894173	5.559160	37.361887
5027	5955.006295	53.934203	1.843823	5.582288	37.720642
5029	5957.100127	52.946655	1.445491	5.582930	37.542707
5031	5959.192836	54.803571	1.840078	5.580632	37.771460
5033	5961.286027	53.931700	1.876504	5.581832	38.616569
5035	5963.379894	52.831108	1.414350	5.582418	38.182808
5037	5965.472380	58.118458	2.851419	5.570120	36.550853
5039	5967.565910	52.081331	1.671887	5.596498	39.019774
5041	5969.658884	54.827778	1.830240	5.579713	37.307809
5045	5973.845723	53.927252	1.878387	5.581800	37.980558
5047	5975.938498	52.843252	1.437934	5.582791	38.231056
5049	5978.031446	53.864284	1.786950	5.583300	38.470988
5051	5980.125037	52.993277	1.449983	5.582761	38.876881
5053	5982.218581	55.068889	5.610444	5.555311	37.386989
5055	5984.311359	51.991003	1.667871	5.595866	38.660671
5057	5986.404320	55.171251	5.594777	5.554139	39.111685
5061	5990.590972	53.879803	2.374888	5.585104	37.634044
5065	5994.777451	53.886255	2.377219	5.585188	39.172823
5067	5996.871157	52.023608	1.675984	5.596607	37.421841
5069	5998.963903	55.078583	5.331511	5.556001	37.255637
5081	6011.523114	53.860005	2.403947	5.585000	38.907885
5083	6013.616665	52.041692	1.663463	5.596345	36.749904
5085	6015.709658	54.847636	1.827398	5.579305	36.490243
5089	6019.896199	53.925698	1.864277	5.581919	37.787385
5091	6021.989508	54.882560	1.837592	5.579615	37.586125
5093	6024.082529	53.914501	1.874188	5.581840	38.122126
5095	6026.175606	54.243128	5.309082	5.554842	37.048963
5099	6030.364846	53.932097	1.848616	5.581707	37.508148
5101	6032.457846	52.677064	1.492512	5.582519	38.313139
5103	6034.548266	56.306308	3.492615	5.565307	38.864114
5107	6038.736928	51.965591	1.689327	5.596016	37.270959
5109	6040.830001	55.126396	5.352980	5.557005	39.017985
5113	6045.017197	52.068691	1.666757	5.595311	39.175006
5115	6047.110888	54.822796	1.840181	5.579331	39.395246
5117	6049.203582	53.956589	1.857019	5.582100	36.728870
5119	6051.296688	54.837165	1.840348	5.579565	37.604066
5123	6055.483477	53.914458	1.877336	5.581604	39.237532
5125	6057.576348	55.152170	5.488408	5.556226	37.049791
5127	6059.669510	53.900534	1.858038	5.582076	38.158926
5129	6061.763300	53.864693	1.788907	5.583050	37.138458
5131	6063.856328	54.980894	1.849003	5.579426	37.515664
5133	6065.949234	53.939037	1.879259	5.581916	37.198594
5135	6068.042666	52.930060	1.447024	5.582851	38.508531
5137	6070.135263	53.889219	1.799856	5.583019	38.083664
5139	6072.228830	55.034295	5.468526	5.557318	38.555072
5141	6074.322304	51.889418	1.647512	5.595772	39.367522
5143	6076.416353	55.837541	4.693495	5.557473	39.151594
5145	6078.506477	54.000126	1.857405	5.582688	38.296155
5147	6080.600009	53.897634	1.813351	5.583347	38.228833
5149	6082.693544	54.737683	1.835941	5.579965	36.752368
5151	6084.786636	53.949372	1.885710	5.581995	37.659676
5153	6086.880249	52.923709	1.457729	5.582923	38.015832
5155	6088.973350	52.839770	1.448545	5.582778	37.345872
5157	6091.066178	53.040655	1.464438	5.583304	36.606624
5159	6093.159260	55.245599	5.328786	5.556191	38.777705
5163	6097.345662	52.054616	1.670966	5.596940	37.668667
5165	6099.439435	52.917035	1.461228	5.582938	37.284955
5167	6101.532165	53.058475	1.426435	5.585060	37.277901
5169	6103.622759	54.863679	1.848156	5.581256	37.545317
5173	6107.809124	53.958841	1.856591	5.582588	39.086388
5175	6109.899309	54.823891	5.407037	5.558815	37.345033
5179	6114.104411	51.995876	1.690347	5.592617	38.687857
5181	6116.199154	54.323253	1.813298	5.573096	38.069723
5183	6118.290339	52.016689	1.718362	5.590866	37.798645
5185	6120.382648	52.868973	1.476446	5.576767	36.390193
5187	6122.478025	56.014328	4.475910	5.554615	39.554932
5189	6124.570890	53.880125	1.895371	5.574689	37.067755
5191	6126.664701	52.988008	1.417912	5.576267	38.504999
5193	6128.756972	54.877135	5.317515	5.553461	36.403001
5195	6130.850335	53.892459	1.866437	5.575239	37.647366
5197	6132.943351	53.838484	1.793204	5.576571	38.697885
5199	6135.036735	52.856641	1.404202	5.576201	37.429916
5201	6137.130238	52.967186	1.434410	5.576673	37.975085
5203	6139.224174	52.984725	1.484786	5.577221	37.982964
5205	6141.316673	55.338863	1.824571	5.567816	39.634741
5207	6143.410579	53.059501	1.614851	5.589562	37.922469
5209	6145.503878	56.314996	1.623236	5.547784	39.183703
5211	6147.596837	55.625922	1.942550	5.568150	42.543557
5215	6151.783664	56.051170	1.913368	5.567001	44.121501
5221	6158.064882	56.593572	1.875873	5.566378	42.829860
5223	6160.159931	56.609959	1.863691	5.565877	41.894737
5225	6162.253369	54.666348	1.509395	5.584862	43.288964
5227	6164.345820	56.551091	1.694846	5.571907	42.805620
5229	6166.439558	57.279341	7.356620	5.538595	44.173067
5231	6168.532932	57.463496	1.814191	5.563728	45.745560
5235	6172.719828	55.786353	1.467807	5.586048	44.310918
5243	6181.093692	57.608576	1.630632	5.568846	44.690748
5245	6183.187010	58.747857	1.587094	5.561879	45.645350
5247	6185.280543	58.175389	1.726774	5.562802	46.341493
5249	6187.374347	56.750572	1.379046	5.585603	46.808490
5251	6189.467280	58.519123	5.221724	5.545459	46.780356
5253	6191.560637	58.137533	1.572298	5.567667	44.903140
5255	6193.654683	57.064264	1.178760	5.571607	48.184867
5257	6195.748111	59.346068	6.777332	5.536783	45.594029
5259	6197.841504	56.849922	1.304179	5.581594	46.159973
5261	6199.934588	58.505851	1.441688	5.567755	44.670059
5263	6202.028749	59.522263	6.758065	5.537178	46.665511
5267	6206.215202	58.692087	1.502604	5.565606	44.783089
5269	6208.308661	60.199572	1.416656	5.558341	47.844043
5271	6210.402554	57.488879	1.238188	5.582433	48.245972
5273	6212.495770	57.679380	1.093444	5.570470	47.302854
5275	6214.589351	57.407579	1.072408	5.570229	47.542602
5277	6216.682755	59.957846	7.012529	5.533957	45.824112
5279	6218.776421	57.919157	1.219069	5.583198	48.735399
5281	6220.870073	59.165454	1.326297	5.565393	46.889522
