crossing time (s)	slope (V/s)	crossing number
281474976710655.000000	37.535236	5517	6469054976.000000
281474976710655.000000	44.353382	5518	6470127616.000000
281474976710655.000000	43.066208	5519	6471148544.000000
281474976710655.000000	42.200302	5520	6472220672.000000
281474976710655.000000	42.459503	5521	6473241600.000000
281474976710655.000000	36.043758	5522	6474313216.000000
281474976710655.000000	32.764931	5523	6475334656.000000
281474976710655.000000	42.052208	5524	6476406784.000000
281474976710655.000000	51.332802	5525	6477427712.000000
281474976710655.000000	39.764393	5526	6478499328.000000
281474976710655.000000	41.830620	5527	6479520256.000000
281474976710655.000000	42.628105	5528	6480592896.000000
281474976710655.000000	35.460644	5529	6481613312.000000
281474976710655.000000	53.166981	5530	6482685952.000000
281474976710655.000000	43.388577	5531	6483706368.000000
281474976710655.000000	42.961163	5532	6484778496.000000
281474976710655.000000	37.769806	5533	6485799424.000000
281474976710655.000000	39.623589	5534	6486871552.000000
281474976710655.000000	47.484322	5535	6487892480.000000
281474976710655.000000	41.614132	5536	6488964608.000000
281474976710655.000000	48.545963	5537	6489985536.000000
281474976710655.000000	59.318966	5538	6491057664.000000
281474976710655.000000	48.042225	5539	6492078080.000000
281474976710655.000000	41.387524	5540	6493150720.000000
281474976710655.000000	41.475780	5541	6494171648.000000
281474976710655.000000	32.614082	5542	6495244288.000000
281474976710655.000000	32.450298	5543	6496264192.000000
281474976710655.000000	42.731277	5544	6497336832.000000
281474976710655.000000	35.421215	5545	6498356736.000000
281474976710655.000000	43.130470	5546	6499429888.000000
281474976710655.000000	42.040394	5547	6500449792.000000
281474976710655.000000	31.726517	5548	6501522944.000000
281474976710655.000000	55.929436	5549	6502542848.000000
281474976710655.000000	42.905788	5550	6503616000.000000
281474976710655.000000	57.524094	5551	6504633344.000000
281474976710655.000000	40.575039	5552	6505708544.000000
281474976710655.000000	41.264874	5553	6506729472.000000
281474976710655.000000	35.754539	5554	6507801600.000000
281474976710655.000000	39.169682	5555	6508820992.000000
281474976710655.000000	38.354244	5556	6509894656.000000
281474976710655.000000	43.741028	5557	6510914560.000000
281474976710655.000000	52.590786	5558	6511985664.000000
281474976710655.000000	32.155029	5559	6513007104.000000
281474976710655.000000	33.089027	5560	6514080768.000000
281474976710655.000000	36.134296	5561	6515100672.000000
281474976710655.000000	36.777630	5562	6516174336.000000
281474976710655.000000	43.591583	5563	6517193728.000000
281474976710655.000000	42.666550	5564	6518265856.000000
281474976710655.000000	35.486347	5565	6519286784.000000
281474976710655.000000	33.634701	5566	6520359936.000000
281474976710655.000000	43.493607	5567	6521379840.000000
281474976710655.000000	41.198753	5568	6522452992.000000
281474976710655.000000	39.152088	5569	6523471360.000000
281474976710655.000000	41.406769	5570	6524546560.000000
281474976710655.000000	38.926449	5571	6525565440.000000
281474976710655.000000	34.145737	5572	6526638592.000000
281474976710655.000000	44.034931	5573	6527659008.000000
281474976710655.000000	56.379700	5574	6528732672.000000
281474976710655.000000	37.483902	5575	6529750528.000000
281474976710655.000000	54.308304	5576	6530825216.000000
281474976710655.000000	49.163647	5577	6531844096.000000
281474976710655.000000	38.552380	5578	6532917760.000000
281474976710655.000000	42.199722	5579	6533937664.000000
281474976710655.000000	36.341801	5580	6535010816.000000
281474976710655.000000	42.442024	5581	6536030208.000000
281474976710655.000000	34.698841	5582	6537103872.000000
281474976710655.000000	35.934597	5583	6538123776.000000
281474976710655.000000	41.284607	5584	6539196928.000000
281474976710655.000000	42.083233	5585	6540217344.000000
281474976710655.000000	47.884010	5586	6541290496.000000
281474976710655.000000	35.216679	5587	6542308352.000000
281474976710655.000000	33.659157	5588	6543381504.000000
281474976710655.000000	42.198757	5589	6544402944.000000
281474976710655.000000	40.692722	5590	6545476096.000000
281474976710655.000000	41.505699	5591	6546494464.000000
281474976710655.000000	44.692558	5592	6547568640.000000
281474976710655.000000	38.247608	5593	6548589568.000000
281474976710655.000000	45.975285	5594	6549661184.000000
281474976710655.000000	41.613708	5595	6550682112.000000
281474976710655.000000	32.272915	5596	6551754240.000000
281474976710655.000000	41.646572	5597	6552775168.000000
281474976710655.000000	43.621418	5598	6553847296.000000
281474976710655.000000	44.340420	5599	6554867712.000000
281474976710655.000000	41.896217	5600	6555939840.000000
281474976710655.000000	34.399605	5601	6556961280.000000
281474976710655.000000	41.695770	5602	6558033408.000000
281474976710655.000000	44.392536	5603	6559054336.000000
281474976710655.000000	36.142899	5604	6560126464.000000
281474976710655.000000	52.667805	5605	6561146880.000000
281474976710655.000000	46.993099	5606	6562219520.000000
281474976710655.000000	33.693729	5607	6563239424.000000
281474976710655.000000	36.374134	5608	6564312576.000000
281474976710655.000000	34.511616	5609	6565332992.000000
281474976710655.000000	33.649540	5610	6566405632.000000
281474976710655.000000	41.666618	5611	6567425536.000000
281474976710655.000000	33.646149	5612	6568498688.000000
281474976710655.000000	36.875286	5613	6569518592.000000
281474976710655.000000	38.991165	5614	6570591744.000000
281474976710655.000000	39.451447	5615	6571611136.000000
281474976710655.000000	47.603569	5616	6572685312.000000
281474976710655.000000	58.430939	5617	6573704704.000000
281474976710655.000000	39.343391	5618	6574776832.000000
281474976710655.000000	42.273918	5619	6575797760.000000
281474976710655.000000	35.008942	5620	6576870400.000000
281474976710655.000000	41.046337	5621	6577890304.000000
281474976710655.000000	39.973518	5622	6578963968.000000
281474976710655.000000	44.631046	5623	6579983872.000000
281474976710655.000000	42.323818	5624	6581056512.000000
281474976710655.000000	43.088226	5625	6582076416.000000
281474976710655.000000	34.770641	5626	6583149568.000000
281474976710655.000000	32.570885	5627	6584168960.000000
281474976710655.000000	37.837288	5628	6585242624.000000
281474976710655.000000	52.243778	5629	6586262528.000000
281474976710655.000000	40.855427	5630	6587335680.000000
281474976710655.000000	39.085098	5631	6588355584.000000
281474976710655.000000	33.366379	5632	6589428736.000000
281474976710655.000000	43.962994	5633	6590448128.000000
281474976710655.000000	34.624043	5634	6591520768.000000
281474976710655.000000	34.619904	5635	6592541184.000000
281474976710655.000000	40.498539	5636	6593614336.000000
281474976710655.000000	43.302330	5637	6594634240.000000
281474976710655.000000	40.718651	5638	6595707392.000000
281474976710655.000000	42.881618	5639	6596727808.000000
281474976710655.000000	35.017082	5640	6597799936.000000
281474976710655.000000	42.492786	5641	6598820352.000000
281474976710655.000000	39.302143	5642	6599893504.000000
281474976710655.000000	43.946888	5643	6600913408.000000
281474976710655.000000	40.704304	5644	6601986048.000000
281474976710655.000000	41.104630	5645	6603005952.000000
281474976710655.000000	42.559948	5646	6604079616.000000
281474976710655.000000	42.317852	5647	6605100544.000000
281474976710655.000000	43.530552	5648	6606172160.000000
281474976710655.000000	39.280029	5649	6607192064.000000
281474976710655.000000	48.355507	5650	6608265216.000000
281474976710655.000000	43.857014	5651	6609285120.000000
281474976710655.000000	51.836994	5652	6610359296.000000
281474976710655.000000	31.734587	5653	6611378688.000000
281474976710655.000000	36.876442	5654	6612451840.000000
281474976710655.000000	41.940948	5655	6613470208.000000
281474976710655.000000	35.381111	5656	6614544384.000000
281474976710655.000000	34.942692	5657	6615564288.000000
281474976710655.000000	39.938091	5658	6616637440.000000
281474976710655.000000	41.035221	5659	6617657344.000000
281474976710655.000000	36.266422	5660	6618730496.000000
281474976710655.000000	42.426716	5661	6619750400.000000
281474976710655.000000	34.692829	5662	6620823552.000000
281474976710655.000000	38.419910	5663	6621843456.000000
281474976710655.000000	41.126369	5664	6622916096.000000
281474976710655.000000	38.490135	5665	6623936000.000000
281474976710655.000000	42.794785	5666	6625009664.000000
281474976710655.000000	46.839584	5667	6626029568.000000
281474976710655.000000	39.678829	5668	6627102208.000000
281474976710655.000000	32.215012	5669	6628122624.000000
281474976710655.000000	58.033489	5670	6629195776.000000
281474976710655.000000	27.788216	5671	6630215168.000000
281474976710655.000000	41.178417	5672	6631288320.000000
281474976710655.000000	36.372570	5673	6632308736.000000
281474976710655.000000	34.731445	5674	6633381376.000000
281474976710655.000000	32.267021	5675	6634401280.000000
281474976710655.000000	41.466553	5676	6635474944.000000
281474976710655.000000	35.784840	5677	6636494336.000000
281474976710655.000000	41.659031	5678	6637568000.000000
281474976710655.000000	41.904427	5679	6638586880.000000
281474976710655.000000	38.401192	5680	6639661056.000000
281474976710655.000000	41.534592	5681	6640679424.000000
281474976710655.000000	34.104969	5682	6641754112.000000
281474976710655.000000	40.207897	5683	6642772992.000000
281474976710655.000000	55.797379	5684	6643847168.000000
281474976710655.000000	43.307858	5685	6644866048.000000
281474976710655.000000	41.541851	5686	6645939712.000000
281474976710655.000000	36.146324	5687	6646958592.000000
281474976710655.000000	42.279808	5688	6648032768.000000
281474976710655.000000	42.963947	5689	6649052672.000000
281474976710655.000000	41.217258	5690	6650125312.000000
281474976710655.000000	45.244328	5691	6651145728.000000
281474976710655.000000	42.674564	5692	6652218880.000000
281474976710655.000000	43.824768	5693	6653237760.000000
281474976710655.000000	38.686985	5694	6654311424.000000
281474976710655.000000	43.632992	5695	6655330816.000000
281474976710655.000000	57.204182	5696	6656404480.000000
281474976710655.000000	43.221088	5697	6657423872.000000
281474976710655.000000	49.925816	5698	6658497024.000000
281474976710655.000000	32.813637	5699	6659516928.000000
281474976710655.000000	31.964304	5700	6660590080.000000
281474976710655.000000	43.025799	5701	6661610496.000000
281474976710655.000000	39.690590	5702	6662683648.000000
281474976710655.000000	43.549519	5703	6663703040.000000
281474976710655.000000	39.589001	5704	6664776192.000000
281474976710655.000000	41.415558	5705	6665796096.000000
281474976710655.000000	36.572300	5706	6666869248.000000
281474976710655.000000	42.683510	5707	6667889152.000000
281474976710655.000000	37.069439	5708	6668962816.000000
281474976710655.000000	35.959419	5709	6669982208.000000
281474976710655.000000	39.502144	5710	6671055360.000000
281474976710655.000000	39.279041	5711	6672075264.000000
281474976710655.000000	42.541229	5712	6673148416.000000
281474976710655.000000	44.038158	5713	6674168320.000000
281474976710655.000000	41.637745	5714	6675240960.000000
281474976710655.000000	43.142765	5715	6676261888.000000
281474976710655.000000	35.777821	5716	6677334528.000000
281474976710655.000000	45.520798	5717	6678354432.000000
281474976710655.000000	33.032036	5718	6679427072.000000
281474976710655.000000	34.771103	5719	6680446976.000000
281474976710655.000000	36.998737	5720	6681520128.000000
281474976710655.000000	40.587372	5721	6682539520.000000
281474976710655.000000	56.446754	5722	6683614208.000000
281474976710655.000000	32.863163	5723	6684633088.000000
281474976710655.000000	53.232735	5724	6685706240.000000
281474976710655.000000	43.501503	5725	6686726144.000000
281474976710655.000000	35.774887	5726	6687799296.000000
281474976710655.000000	41.518608	5727	6688818688.000000
281474976710655.000000	33.116383	5728	6689892352.000000
281474976710655.000000	39.362015	5729	6690912256.000000
281474976710655.000000	35.958679	5730	6691985920.000000
281474976710655.000000	38.594463	5731	6693004800.000000
281474976710655.000000	43.428902	5732	6694077952.000000
281474976710655.000000	43.703625	5733	6695097856.000000
281474976710655.000000	41.158600	5734	6696171008.000000
281474976710655.000000	34.649025	5735	6697189376.000000
281474976710655.000000	38.458202	5736	6698265600.000000
281474976710655.000000	54.088497	5737	6699283968.000000
281474976710655.000000	53.059544	5738	6700357120.000000
281474976710655.000000	42.208851	5739	6701377024.000000
281474976710655.000000	39.551609	5740	6702450688.000000
281474976710655.000000	56.997341	5741	6703470080.000000
281474976710655.000000	43.088604	5742	6704543232.000000
281474976710655.000000	52.791840	5743	6705563136.000000
281474976710655.000000	37.810158	5744	6706636288.000000
281474976710655.000000	45.253189	5745	6707655680.000000
281474976710655.000000	46.769836	5746	6708729344.000000
281474976710655.000000	55.805897	5747	6709748224.000000
281474976710655.000000	53.876942	5748	6710822400.000000
281474976710655.000000	47.923248	5749	6711842304.000000
281474976710655.000000	42.658596	5750	6712914944.000000
281474976710655.000000	47.337490	5751	6713934848.000000
281474976710655.000000	35.565666	5752	6715008512.000000
281474976710655.000000	35.791126	5753	6716027392.000000
281474976710655.000000	35.342880	5754	6717100032.000000
281474976710655.000000	41.528950	5755	6718120960.000000
281474976710655.000000	38.639740	5756	6719194112.000000
281474976710655.000000	36.103134	5757	6720214016.000000
281474976710655.000000	41.635258	5758	6721287168.000000
281474976710655.000000	41.531803	5759	6722307072.000000
281474976710655.000000	42.438614	5760	6723379712.000000
281474976710655.000000	40.906246	5761	6724400128.000000
281474976710655.000000	34.734715	5762	6725473280.000000
281474976710655.000000	42.253002	5763	6726493184.000000
281474976710655.000000	51.969963	5764	6727566336.000000
281474976710655.000000	41.388332	5765	6728586240.000000
281474976710655.000000	35.944256	5766	6729658880.000000
281474976710655.000000	33.408562	5767	6730679296.000000
281474976710655.000000	51.386211	5768	6731751424.000000
281474976710655.000000	38.347740	5769	6732771840.000000
281474976710655.000000	35.730724	5770	6733844992.000000
281474976710655.000000	38.383186	5771	6734865408.000000
281474976710655.000000	34.818436	5772	6735938560.000000
281474976710655.000000	51.216034	5773	6736957952.000000
281474976710655.000000	42.579117	5774	6738031104.000000
281474976710655.000000	53.365009	5775	6739050496.000000
281474976710655.000000	41.277405	5776	6740124160.000000
281474976710655.000000	43.246033	5777	6741144064.000000
281474976710655.000000	40.670971	5778	6742216704.000000
281474976710655.000000	34.089165	5779	6743236608.000000
281474976710655.000000	42.320953	5780	6744309760.000000
281474976710655.000000	35.257996	5781	6745329664.000000
281474976710655.000000	38.137501	5782	6746403328.000000
281474976710655.000000	37.174751	5783	6747423232.000000
281474976710655.000000	40.863583	5784	6748495872.000000
281474976710655.000000	41.164135	5785	6749516288.000000
281474976710655.000000	37.330879	5786	6750588928.000000
281474976710655.000000	53.099178	5787	6751608832.000000
281474976710655.000000	40.872749	5788	6752681472.000000
281474976710655.000000	38.423664	5789	6753701888.000000
281474976710655.000000	38.879757	5790	6754775040.000000
281474976710655.000000	38.640846	5791	6755794944.000000
281474976710655.000000	36.423626	5792	6756868096.000000
281474976710655.000000	28.228460	5793	6757888000.000000
281474976710655.000000	39.515617	5794	6758961152.000000
281474976710655.000000	40.794216	5795	6759980032.000000
281474976710655.000000	52.202286	5796	6761054208.000000
281474976710655.000000	39.807198	5797	6762073600.000000
281474976710655.000000	42.464371	5798	6763146752.000000
281474976710655.000000	44.078686	5799	6764167168.000000
281474976710655.000000	38.673771	5800	6765239808.000000
281474976710655.000000	58.478100	5801	6766259712.000000
281474976710655.000000	40.461781	5802	6767333376.000000
281474976710655.000000	43.392624	5803	6768352768.000000
281474976710655.000000	41.434219	5804	6769425920.000000
281474976710655.000000	34.536869	5805	6770445824.000000
281474976710655.000000	32.568436	5806	6771518976.000000
281474976710655.000000	36.793354	5807	6772537344.000000
281474976710655.000000	47.678192	5808	6773612032.000000
281474976710655.000000	41.162590	5809	6774630400.000000
281474976710655.000000	40.246174	5810	6775706112.000000
281474976710655.000000	34.305782	5811	6776720896.000000
281474976710655.000000	52.493145	5812	6777801728.000000
281474976710655.000000	42.742867	5813	6778817536.000000
281474976710655.000000	57.182678	5814	6779890688.000000
281474976710655.000000	33.460930	5815	6780910080.000000
281474976710655.000000	40.070023	5816	6781983744.000000
281474976710655.000000	43.240780	5817	6783003648.000000
281474976710655.000000	38.310295	5818	6784077312.000000
281474976710655.000000	32.239864	5819	6785096704.000000
281474976710655.000000	43.241726	5820	6786169856.000000
281474976710655.000000	46.282742	5821	6787189760.000000
281474976710655.000000	31.876366	5822	6788262400.000000
281474976710655.000000	42.713219	5823	6789282816.000000
281474976710655.000000	42.263733	5824	6790355968.000000
281474976710655.000000	42.397427	5825	6791375872.000000
281474976710655.000000	42.021229	5826	6792448512.000000
281474976710655.000000	35.326992	5827	6793467904.000000
281474976710655.000000	40.222954	5828	6794541056.000000
281474976710655.000000	40.325413	5829	6795561984.000000
281474976710655.000000	36.820599	5830	6796634112.000000
281474976710655.000000	41.543972	5831	6797655040.000000
281474976710655.000000	35.209106	5832	6798728192.000000
281474976710655.000000	46.904045	5833	6799748096.000000
281474976710655.000000	40.451492	5834	6800821248.000000
281474976710655.000000	36.105259	5835	6801840128.000000
281474976710655.000000	43.182034	5836	6802912768.000000
281474976710655.000000	36.395115	5837	6803933184.000000
281474976710655.000000	35.644150	5838	6805006336.000000
281474976710655.000000	34.099255	5839	6806026752.000000
281474976710655.000000	52.709747	5840	6807099904.000000
281474976710655.000000	42.890011	5841	6808119296.000000
281474976710655.000000	40.661762	5842	6809192960.000000
281474976710655.000000	33.668839	5843	6810212352.000000
281474976710655.000000	34.792171	5844	6811283968.000000
281474976710655.000000	42.314335	5845	6812306432.000000
281474976710655.000000	31.277723	5846	6813378560.000000
281474976710655.000000	44.181221	5847	6814399488.000000
281474976710655.000000	40.870640	5848	6815470592.000000
281474976710655.000000	42.953068	5849	6816492032.000000
281474976710655.000000	35.628716	5850	6817563648.000000
281474976710655.000000	38.900425	5851	6818585600.000000
281474976710655.000000	42.400581	5852	6819657728.000000
281474976710655.000000	43.077423	5853	6820678656.000000
281474976710655.000000	41.211700	5854	6821749248.000000
281474976710655.000000	31.735525	5855	6822771200.000000
281474976710655.000000	45.924511	5856	6823842816.000000
281474976710655.000000	41.459328	5857	6824864256.000000
281474976710655.000000	41.355827	5858	6825935872.000000
281474976710655.000000	42.585937	5859	6826957312.000000
281474976710655.000000	39.357235	5860	6828028928.000000
281474976710655.000000	44.826500	5861	6829050368.000000
281474976710655.000000	38.662769	5862	6830121984.000000
281474976710655.000000	45.647564	5863	6831142912.000000
281474976710655.000000	38.388435	5864	6832215040.000000
281474976710655.000000	42.082970	5865	6833236480.000000
281474976710655.000000	35.287590	5866	6834308096.000000
281474976710655.000000	36.306572	5867	6835329024.000000
281474976710655.000000	34.328247	5868	6836401152.000000
281474976710655.000000	43.354465	5869	6837422592.000000
281474976710655.000000	35.314888	5870	6838494208.000000
281474976710655.000000	44.106342	5871	6839515136.000000
281474976710655.000000	33.120663	5872	6840586752.000000
281474976710655.000000	41.697227	5873	6841608192.000000
281474976710655.000000	35.079620	5874	6842679808.000000
281474976710655.000000	34.459419	5875	6843701248.000000
281474976710655.000000	40.164406	5876	6844772864.000000
281474976710655.000000	39.940601	5877	6845793792.000000
281474976710655.000000	43.707211	5878	6846865920.000000
281474976710655.000000	39.466076	5879	6847886848.000000
281474976710655.000000	35.307217	5880	6848958464.000000
281474976710655.000000	35.057434	5881	6849980416.000000
281474976710655.000000	45.190319	5882	6851052032.000000
281474976710655.000000	37.517612	5883	6852072960.000000
281474976710655.000000	41.025173	5884	6853145088.000000
281474976710655.000000	47.897160	5885	6854166016.000000
281474976710655.000000	52.316792	5886	6855237632.000000
281474976710655.000000	42.490845	5887	6856259584.000000
281474976710655.000000	33.172096	5888	6857331200.000000
281474976710655.000000	39.090164	5889	6858352128.000000
281474976710655.000000	41.917004	5890	6859423744.000000
281474976710655.000000	40.249813	5891	6860444672.000000
281474976710655.000000	35.098816	5892	6861516288.000000
281474976710655.000000	46.034988	5893	6862538240.000000
281474976710655.000000	41.634956	5894	6863609856.000000
281474976710655.000000	39.776726	5895	6864631296.000000
281474976710655.000000	34.076904	5896	6865702400.000000
281474976710655.000000	33.892616	5897	6866724352.000000
281474976710655.000000	42.268818	5898	6867795456.000000
281474976710655.000000	38.418098	5899	6868816896.000000
281474976710655.000000	40.324051	5900	6869889024.000000
281474976710655.000000	44.415222	5901	6870910464.000000
281474976710655.000000	53.406315	5902	6871981568.000000
281474976710655.000000	34.023067	5903	6873003008.000000
281474976710655.000000	38.272480	5904	6874074624.000000
281474976710655.000000	35.555206	5905	6875096064.000000
281474976710655.000000	52.082096	5906	6876168192.000000
281474976710655.000000	37.030849	5907	6877189120.000000
281474976710655.000000	45.561497	5908	6878260736.000000
281474976710655.000000	43.145000	5909	6879281152.000000
281474976710655.000000	35.221222	5910	6880353792.000000
281474976710655.000000	54.058552	5911	6881374720.000000
281474976710655.000000	37.016068	5912	6882446336.000000
281474976710655.000000	55.425308	5913	6883467776.000000
281474976710655.000000	37.001335	5914	6884539904.000000
281474976710655.000000	57.281002	5915	6885560832.000000
281474976710655.000000	45.760036	5916	6886633472.000000
281474976710655.000000	33.472485	5917	6887653888.000000
281474976710655.000000	38.214203	5918	6888726016.000000
281474976710655.000000	39.955730	5919	6889746944.000000
281474976710655.000000	43.834503	5920	6890819072.000000
281474976710655.000000	40.039101	5921	6891838976.000000
281474976710655.000000	43.098518	5922	6892911616.000000
281474976710655.000000	56.662605	5923	6893932544.000000
281474976710655.000000	41.760315	5924	6895005184.000000
281474976710655.000000	41.071751	5925	6896026112.000000
281474976710655.000000	31.795734	5926	6897098240.000000
281474976710655.000000	59.525024	5927	6898118656.000000
281474976710655.000000	33.820927	5928	6899190784.000000
281474976710655.000000	53.480747	5929	6900211712.000000
281474976710655.000000	39.838646	5930	6901283840.000000
281474976710655.000000	42.138107	5931	6902304768.000000
281474976710655.000000	31.798775	5932	6903377408.000000
281474976710655.000000	43.697849	5933	6904397312.000000
281474976710655.000000	34.397209	5934	6905469952.000000
281474976710655.000000	31.620800	5935	6906490368.000000
281474976710655.000000	35.557152	5936	6907562496.000000
281474976710655.000000	46.884274	5937	6908583936.000000
281474976710655.000000	53.553036	5938	6909655552.000000
281474976710655.000000	53.641838	5939	6910676480.000000
281474976710655.000000	37.271526	5940	6911747584.000000
281474976710655.000000	45.847855	5941	6912770048.000000
281474976710655.000000	35.535648	5942	6913840640.000000
281474976710655.000000	57.771378	5943	6914863104.000000
281474976710655.000000	30.808876	5944	6915934208.000000
281474976710655.000000	32.342056	5945	6916956160.000000
281474976710655.000000	44.869499	5946	6918027264.000000
281474976710655.000000	33.882565	5947	6919048704.000000
281474976710655.000000	39.647858	5948	6920119296.000000
281474976710655.000000	42.420948	5949	6921142272.000000
281474976710655.000000	36.018219	5950	6922213376.000000
281474976710655.000000	41.692242	5951	6923235328.000000
281474976710655.000000	48.125511	5952	6924306432.000000
281474976710655.000000	35.182579	5953	6925327360.000000
281474976710655.000000	35.719578	5954	6926398976.000000
281474976710655.000000	52.204441	5955	6927420928.000000
281474976710655.000000	42.430958	5956	6928492032.000000
281474976710655.000000	32.029530	5957	6929513984.000000
281474976710655.000000	31.934259	5958	6930585088.000000
281474976710655.000000	67.853584	5959	6931607040.000000
281474976710655.000000	34.140915	5960	6932677632.000000
281474976710655.000000	41.858906	5961	6933700096.000000
281474976710655.000000	36.989319	5962	6934771200.000000
281474976710655.000000	39.758575	5963	6935793152.000000
281474976710655.000000	42.653984	5964	6936862720.000000
281474976710655.000000	33.204250	5965	6937885696.000000
281474976710655.000000	38.343132	5966	6938956800.000000
281474976710655.000000	43.177006	5967	6939979264.000000
281474976710655.000000	44.915195	5968	6941050368.000000
281474976710655.000000	44.297466	5969	6942072320.000000
281474976710655.000000	32.026337	5970	6943142400.000000
281474976710655.000000	46.281673	5971	6944165376.000000
281474976710655.000000	33.606476	5972	6945235968.000000
281474976710655.000000	41.618095	5973	6946257920.000000
281474976710655.000000	42.291431	5974	6947329536.000000
281474976710655.000000	44.118706	5975	6948350464.000000
281474976710655.000000	35.838367	5976	6949421568.000000
281474976710655.000000	33.407082	5977	6950443520.000000
281474976710655.000000	36.057682	5978	6951515136.000000
281474976710655.000000	42.853039	5979	6952537088.000000
281474976710655.000000	42.802116	5980	6953607680.000000
281474976710655.000000	42.025425	5981	6954630144.000000
281474976710655.000000	52.887291	5982	6955700736.000000
281474976710655.000000	43.888142	5983	6956722688.000000
281474976710655.000000	39.279953	5984	6957793280.000000
281474976710655.000000	38.412098	5985	6958815744.000000
281474976710655.000000	52.123756	5986	6959887360.000000
281474976710655.000000	40.538219	5987	6960908288.000000
281474976710655.000000	31.665806	5988	6961979904.000000
281474976710655.000000	40.138672	5989	6963001344.000000
281474976710655.000000	47.406448	5990	6964073472.000000
281474976710655.000000	34.842144	5991	6965093888.000000
281474976710655.000000	51.434700	5992	6966166528.000000
281474976710655.000000	36.539051	5993	6967186944.000000
281474976710655.000000	44.288746	5994	6968259584.000000
281474976710655.000000	33.758568	5995	6969280512.000000
281474976710655.000000	38.207104	5996	6970352128.000000
281474976710655.000000	44.737274	5997	6971373056.000000
281474976710655.000000	34.052349	5998	6972444160.000000
281474976710655.000000	34.143795	5999	6973465600.000000
281474976710655.000000	46.315903	6000	6974537728.000000
281474976710655.000000	41.592319	6001	6975559168.000000
281474976710655.000000	36.693752	6002	6976630784.000000
281474976710655.000000	45.669842	6003	6977652736.000000
281474976710655.000000	38.085060	6004	6978722304.000000
281474976710655.000000	53.263218	6005	6979745280.000000
281474976710655.000000	43.662239	6006	6980816896.000000
281474976710655.000000	38.159107	6007	6981838336.000000
281474976710655.000000	44.667202	6008	6982909952.000000
281474976710655.000000	34.220772	6009	6983931904.000000
281474976710655.000000	28.525677	6010	6985002496.000000
281474976710655.000000	32.736740	6011	6986024960.000000
281474976710655.000000	33.354836	6012	6987094016.000000
281474976710655.000000	47.249283	6013	6988116480.000000
281474976710655.000000	44.938267	6014	6989188608.000000
281474976710655.000000	40.786938	6015	6990210048.000000
281474976710655.000000	41.783333	6016	6991281664.000000
281474976710655.000000	39.106735	6017	6992303616.000000
281474976710655.000000	35.233036	6018	6993375232.000000
281474976710655.000000	46.739895	6019	6994396160.000000
281474976710655.000000	31.995487	6020	6995467776.000000
281474976710655.000000	44.418564	6021	6996488704.000000
281474976710655.000000	41.389030	6022	6997560832.000000
281474976710655.000000	52.668369	6023	6998582272.000000
281474976710655.000000	33.716896	6024	6999653888.000000
281474976710655.000000	39.950027	6025	7000675328.000000
281474976710655.000000	34.691483	6026	7001746944.000000
281474976710655.000000	42.435909	6027	7002768384.000000
281474976710655.000000	34.300240	6028	7003839488.000000
281474976710655.000000	58.217987	6029	7004860928.000000
281474976710655.000000	51.216751	6030	7005932544.000000
281474976710655.000000	43.422855	6031	7006953984.000000
281474976710655.000000	41.062199	6032	7008026112.000000
281474976710655.000000	42.521595	6033	7009047040.000000
281474976710655.000000	37.229591	6034	7010118656.000000
281474976710655.000000	43.501812	6035	7011140096.000000
281474976710655.000000	36.977295	6036	7012211712.000000
281474976710655.000000	42.346657	6037	7013233152.000000
281474976710655.000000	32.052624	6038	7014304768.000000
281474976710655.000000	47.676430	6039	7015326208.000000
281474976710655.000000	51.635395	6040	7016397312.000000
281474976710655.000000	45.121723	6041	7017419264.000000
281474976710655.000000	41.481239	6042	7018490368.000000
281474976710655.000000	38.016289	6043	7019512320.000000
281474976710655.000000	42.793476	6044	7020583936.000000
281474976710655.000000	48.169609	6045	7021605376.000000
281474976710655.000000	36.281075	6046	7022675968.000000
281474976710655.000000	42.025166	6047	7023697408.000000
281474976710655.000000	36.459492	6048	7024769024.000000
281474976710655.000000	41.360065	6049	7025791488.000000
281474976710655.000000	41.711235	6050	7026862080.000000
281474976710655.000000	32.946526	6051	7027884032.000000
281474976710655.000000	47.508884	6052	7028955136.000000
281474976710655.000000	36.576618	6053	7029977088.000000
281474976710655.000000	46.542267	6054	7031048192.000000
281474976710655.000000	40.491596	6055	7032070656.000000
281474976710655.000000	40.380623	6056	7033141248.000000
281474976710655.000000	54.604885	6057	7034163712.000000
281474976710655.000000	53.772839	6058	7035234304.000000
281474976710655.000000	36.635658	6059	7036256256.000000
281474976710655.000000	52.066959	6060	7037326848.000000
281474976710655.000000	55.571232	6061	7038349312.000000
281474976710655.000000	40.910507	6062	7039419392.000000
281474976710655.000000	53.793282	6063	7040441344.000000
281474976710655.000000	43.894386	6064	7041512960.000000
281474976710655.000000	43.501972	6065	7042534912.000000
281474976710655.000000	37.588451	6066	7043606016.000000
281474976710655.000000	50.268715	6067	7044627968.000000
281474976710655.000000	35.929974	6068	7045699072.000000
281474976710655.000000	43.625660	6069	7046721024.000000
281474976710655.000000	40.013645	6070	7047792128.000000
281474976710655.000000	37.109871	6071	7048814080.000000
281474976710655.000000	39.275501	6072	7049885696.000000
281474976710655.000000	43.197258	6073	7050907136.000000
281474976710655.000000	53.868454	6074	7051978240.000000
281474976710655.000000	35.746025	6075	7052999168.000000
281474976710655.000000	42.880360	6076	7054070784.000000
281474976710655.000000	42.514023	6077	7055092736.000000
281474976710655.000000	33.549568	6078	7056163840.000000
281474976710655.000000	41.894329	6079	7057185792.000000
281474976710655.000000	58.186905	6080	7058257408.000000
281474976710655.000000	42.251854	6081	7059278848.000000
281474976710655.000000	41.587021	6082	7060350464.000000
281474976710655.000000	48.558308	6083	7061371904.000000
281474976710655.000000	34.969231	6084	7062443008.000000
281474976710655.000000	46.525005	6085	7063464960.000000
281474976710655.000000	56.285496	6086	7064536576.000000
281474976710655.000000	53.687317	6087	7065557504.000000
281474976710655.000000	34.453533	6088	7066629632.000000
281474976710655.000000	44.286385	6089	7067650560.000000
281474976710655.000000	42.746464	6090	7068721152.000000
281474976710655.000000	52.273659	6091	7069744128.000000
281474976710655.000000	38.415638	6092	7070815232.000000
281474976710655.000000	52.626881	6093	7071835648.000000
281474976710655.000000	40.710773	6094	7072908288.000000
281474976710655.000000	42.821789	6095	7073929216.000000
281474976710655.000000	43.069641	6096	7075001344.000000
281474976710655.000000	47.132935	6097	7076023296.000000
281474976710655.000000	41.602440	6098	7077092352.000000
281474976710655.000000	40.281685	6099	7078115840.000000
281474976710655.000000	33.265247	6100	7079186944.000000
281474976710655.000000	59.606720	6101	7080208896.000000
281474976710655.000000	35.835480	6102	7081280000.000000
281474976710655.000000	42.141285	6103	7082301440.000000
281474976710655.000000	37.705944	6104	7083373568.000000
281474976710655.000000	42.006268	6105	7084394496.000000
281474976710655.000000	41.962635	6106	7085466112.000000
281474976710655.000000	36.484333	6107	7086486016.000000
281474976710655.000000	42.549267	6108	7087558656.000000
281474976710655.000000	38.216888	6109	7088580608.000000
281474976710655.000000	50.179153	6110	7089651712.000000
281474976710655.000000	42.641262	6111	7090673664.000000
281474976710655.000000	48.172901	6112	7091744768.000000
281474976710655.000000	34.391544	6113	7092765696.000000
281474976710655.000000	35.669338	6114	7093837824.000000
281474976710655.000000	38.904198	6115	7094859264.000000
281474976710655.000000	35.521992	6116	7095930880.000000
281474976710655.000000	42.119076	6117	7096952320.000000
281474976710655.000000	40.400711	6118	7098023936.000000
281474976710655.000000	44.491985	6119	7099044864.000000
281474976710655.000000	51.982208	6120	7100117504.000000
281474976710655.000000	39.630104	6121	7101138432.000000
281474976710655.000000	35.213646	6122	7102210048.000000
281474976710655.000000	35.333679	6123	7103231488.000000
281474976710655.000000	43.256260	6124	7104303104.000000
281474976710655.000000	44.720345	6125	7105324032.000000
281474976710655.000000	41.185577	6126	7106395648.000000
281474976710655.000000	43.460308	6127	7107417088.000000
281474976710655.000000	43.626534	6128	7108488192.000000
281474976710655.000000	33.107967	6129	7109510656.000000
281474976710655.000000	48.405453	6130	7110581760.000000
281474976710655.000000	41.034462	6131	7111603712.000000
281474976710655.000000	41.117245	6132	7112674304.000000
281474976710655.000000	40.971394	6133	7113696768.000000
281474976710655.000000	38.750454	6134	7114767360.000000
281474976710655.000000	56.175354	6135	7115789824.000000
281474976710655.000000	39.134148	6136	7116860928.000000
281474976710655.000000	46.448040	6137	7117882880.000000
281474976710655.000000	40.420029	6138	7118952960.000000
281474976710655.000000	36.079201	6139	7119975936.000000
281474976710655.000000	35.959721	6140	7121046016.000000
281474976710655.000000	44.806107	6141	7122068480.000000
281474976710655.000000	34.704098	6142	7123139584.000000
281474976710655.000000	52.834614	6143	7124161536.000000
281474976710655.000000	46.936359	6144	7125232128.000000
281474976710655.000000	40.989590	6145	7126254592.000000
281474976710655.000000	39.180862	6146	7127325696.000000
281474976710655.000000	32.153069	6147	7128347648.000000
281474976710655.000000	41.526024	6148	7129417216.000000
281474976710655.000000	50.465004	6149	7130440192.000000
281474976710655.000000	38.390823	6150	7131511296.000000
281474976710655.000000	43.593143	6151	7132533760.000000
281474976710655.000000	51.717480	6152	7133604352.000000
281474976710655.000000	37.562729	6153	7134626304.000000
281474976710655.000000	53.544823	6154	7135697408.000000
281474976710655.000000	41.537579	6155	7136719360.000000
281474976710655.000000	31.912321	6156	7137790464.000000
281474976710655.000000	42.256001	6157	7138812416.000000
281474976710655.000000	34.924530	6158	7139883520.000000
281474976710655.000000	43.176071	6159	7140905472.000000
281474976710655.000000	43.799637	6160	7141976064.000000
281474976710655.000000	42.658760	6161	7142996992.000000
281474976710655.000000	51.133129	6162	7144069120.000000
281474976710655.000000	42.145519	6163	7145091584.000000
281474976710655.000000	41.657894	6164	7146162176.000000
281474976710655.000000	39.891602	6165	7147184640.000000
281474976710655.000000	41.610626	6166	7148255232.000000
281474976710655.000000	43.290207	6167	7149277184.000000
281474976710655.000000	43.211811	6168	7150348288.000000
281474976710655.000000	41.637432	6169	7151370752.000000
281474976710655.000000	57.488106	6170	7152441344.000000
281474976710655.000000	32.909046	6171	7153463296.000000
281474976710655.000000	32.724426	6172	7154534400.000000
281474976710655.000000	34.917961	6173	7155555840.000000
281474976710655.000000	35.194653	6174	7156627456.000000
281474976710655.000000	39.595409	6175	7157648896.000000
281474976710655.000000	40.667137	6176	7158720000.000000
281474976710655.000000	37.355782	6177	7159741952.000000
281474976710655.000000	35.290466	6178	7160813056.000000
281474976710655.000000	39.514477	6179	7161835008.000000
281474976710655.000000	34.132973	6180	7162906112.000000
281474976710655.000000	42.349422	6181	7163928064.000000
281474976710655.000000	41.047787	6182	7164999168.000000
281474976710655.000000	35.053650	6183	7166021120.000000
281474976710655.000000	33.264839	6184	7167092224.000000
281474976710655.000000	54.840279	6185	7168113664.000000
281474976710655.000000	49.961456	6186	7169184768.000000
281474976710655.000000	35.083317	6187	7170207232.000000
281474976710655.000000	35.299210	6188	7171278336.000000
281474976710655.000000	41.668335	6189	7172300288.000000
281474976710655.000000	36.929344	6190	7173370880.000000
281474976710655.000000	41.587914	6191	7174392832.000000
281474976710655.000000	54.613117	6192	7175463936.000000
281474976710655.000000	40.630260	6193	7176485888.000000
281474976710655.000000	41.026062	6194	7177557504.000000
281474976710655.000000	36.217979	6195	7178579456.000000
281474976710655.000000	41.543343	6196	7179650048.000000
281474976710655.000000	31.554878	6197	7180672512.000000
281474976710655.000000	41.606075	6198	7181743104.000000
281474976710655.000000	45.413460	6199	7182765056.000000
281474976710655.000000	38.854443	6200	7183836160.000000
281474976710655.000000	39.841118	6201	7184857600.000000
281474976710655.000000	31.472258	6202	7185928704.000000
281474976710655.000000	43.513779	6203	7186950656.000000
281474976710655.000000	55.478752	6204	7188021760.000000
281474976710655.000000	44.779102	6205	7189044224.000000
281474976710655.000000	34.760761	6206	7190115328.000000
281474976710655.000000	57.071510	6207	7191137280.000000
281474976710655.000000	50.918125	6208	7192207872.000000
281474976710655.000000	33.147350	6209	7193229824.000000
281474976710655.000000	34.751583	6210	7194300928.000000
281474976710655.000000	43.273224	6211	7195322880.000000
281474976710655.000000	35.347527	6212	7196393984.000000
281474976710655.000000	45.186836	6213	7197415936.000000
281474976710655.000000	58.989857	6214	7198487040.000000
281474976710655.000000	41.986000	6215	7199508480.000000
281474976710655.000000	36.240650	6216	7200580096.000000
281474976710655.000000	42.694439	6217	7201601536.000000
281474976710655.000000	42.248310	6218	7202672640.000000
281474976710655.000000	54.793037	6219	7203694592.000000
281474976710655.000000	40.525330	6220	7204766208.000000
281474976710655.000000	44.972797	6221	7205787648.000000
281474976710655.000000	35.626030	6222	7206858752.000000
281474976710655.000000	39.194557	6223	7207880704.000000
281474976710655.000000	55.102215	6224	7208951808.000000
281474976710655.000000	33.631184	6225	7209973248.000000
281474976710655.000000	38.547451	6226	7211045376.000000
281474976710655.000000	43.207150	6227	7212066816.000000
281474976710655.000000	40.480259	6228	7213138432.000000
281474976710655.000000	59.369087	6229	7214159360.000000
281474976710655.000000	50.220535	6230	7215230976.000000
281474976710655.000000	39.733753	6231	7216252928.000000
281474976710655.000000	41.712994	6232	7217324032.000000
281474976710655.000000	52.817066	6233	7218345984.000000
281474976710655.000000	32.897068	6234	7219417088.000000
281474976710655.000000	44.630318	6235	7220437504.000000
281474976710655.000000	43.264874	6236	7221509632.000000
281474976710655.000000	42.135048	6237	7222531072.000000
281474976710655.000000	33.775471	6238	7223603200.000000
281474976710655.000000	36.862411	6239	7224624640.000000
281474976710655.000000	42.077553	6240	7225696256.000000
281474976710655.000000	57.538242	6241	7226717184.000000
281474976710655.000000	39.744419	6242	7227789312.000000
281474976710655.000000	28.554193	6243	7228810240.000000
281474976710655.000000	37.964066	6244	7229881856.000000
281474976710655.000000	37.179234	6245	7230903296.000000
281474976710655.000000	39.187511	6246	7231974912.000000
281474976710655.000000	42.692261	6247	7232996352.000000
281474976710655.000000	43.622086	6248	7234067968.000000
281474976710655.000000	32.955387	6249	7235089408.000000
281474976710655.000000	36.777382	6250	7236160512.000000
281474976710655.000000	43.137535	6251	7237182464.000000
281474976710655.000000	36.059303	6252	7238253568.000000
281474976710655.000000	41.315201	6253	7239275008.000000
281474976710655.000000	35.787956	6254	7240346624.000000
281474976710655.000000	53.643982	6255	7241368064.000000
281474976710655.000000	37.089340	6256	7242440192.000000
281474976710655.000000	35.903160	6257	7243461120.000000
281474976710655.000000	49.990124	6258	7244533760.000000
281474976710655.000000	39.738529	6259	7245553664.000000
281474976710655.000000	34.677494	6260	7246626304.000000
281474976710655.000000	39.064373	6261	7247646720.000000
281474976710655.000000	36.500610	6262	7248719360.000000
281474976710655.000000	38.983784	6263	7249739264.000000
281474976710655.000000	41.549454	6264	7250812416.000000
281474976710655.000000	54.607700	6265	7251832832.000000
281474976710655.000000	35.606140	6266	7252905472.000000
281474976710655.000000	52.172398	6267	7253926400.000000
281474976710655.000000	36.488739	6268	7254996992.000000
281474976710655.000000	35.719307	6269	7256018944.000000
281474976710655.000000	39.343338	6270	7257090048.000000
281474976710655.000000	31.060925	6271	7258112000.000000
281474976710655.000000	42.547085	6272	7259183616.000000
281474976710655.000000	41.220276	6273	7260205568.000000
281474976710655.000000	41.783073	6274	7261276672.000000
281474976710655.000000	56.576298	6275	7262298624.000000
281474976710655.000000	44.506920	6276	7263369728.000000
281474976710655.000000	45.911648	6277	7264391168.000000
281474976710655.000000	41.367199	6278	7265462784.000000
281474976710655.000000	41.771782	6279	7266483712.000000
281474976710655.000000	34.818485	6280	7267555840.000000
281474976710655.000000	42.290379	6281	7268576768.000000
281474976710655.000000	39.183071	6282	7269649408.000000
281474976710655.000000	42.812862	6283	7270669824.000000
281474976710655.000000	41.936871	6284	7271742464.000000
281474976710655.000000	43.153439	6285	7272761344.000000
281474976710655.000000	38.918049	6286	7273835520.000000
281474976710655.000000	42.860432	6287	7274854912.000000
281474976710655.000000	41.714916	6288	7275928576.000000
281474976710655.000000	34.106136	6289	7276947968.000000
281474976710655.000000	38.010288	6290	7278020096.000000
281474976710655.000000	53.789402	6291	7279042048.000000
281474976710655.000000	41.512447	6292	7280114176.000000
281474976710655.000000	52.210644	6293	7281133568.000000
281474976710655.000000	39.684570	6294	7282205696.000000
281474976710655.000000	52.642109	6295	7283227136.000000
281474976710655.000000	46.915691	6296	7284300288.000000
281474976710655.000000	44.422073	6297	7285320704.000000
281474976710655.000000	40.976513	6298	7286391808.000000
281474976710655.000000	41.354134	6299	7287414272.000000
281474976710655.000000	44.941776	6300	7288485888.000000
281474976710655.000000	44.129086	6301	7289506816.000000
281474976710655.000000	52.430019	6302	7290577408.000000
281474976710655.000000	42.917580	6303	7291599872.000000
281474976710655.000000	36.315792	6304	7292671488.000000
281474976710655.000000	39.163288	6305	7293692416.000000
281474976710655.000000	37.498417	6306	7294764544.000000
281474976710655.000000	54.362808	6307	7295785472.000000
281474976710655.000000	34.804085	6308	7296857600.000000
281474976710655.000000	37.228291	6309	7297878528.000000
281474976710655.000000	40.616760	6310	7298950656.000000
281474976710655.000000	38.527061	6311	7299971072.000000
281474976710655.000000	33.798153	6312	7301043200.000000
281474976710655.000000	50.894913	6313	7302064640.000000
281474976710655.000000	32.698418	6314	7303135744.000000
281474976710655.000000	67.603661	6315	7304158208.000000
281474976710655.000000	52.588600	6316	7305229312.000000
281474976710655.000000	34.917461	6317	7306249728.000000
281474976710655.000000	35.431595	6318	7307322368.000000
281474976710655.000000	44.612961	6319	7308343296.000000
281474976710655.000000	37.790615	6320	7309414912.000000
281474976710655.000000	48.179016	6321	7310436864.000000
281474976710655.000000	36.954025	6322	7311508480.000000
281474976710655.000000	53.938839	6323	7312529408.000000
281474976710655.000000	37.841133	6324	7313601024.000000
281474976710655.000000	42.486393	6325	7314622464.000000
281474976710655.000000	42.691822	6326	7315694080.000000
281474976710655.000000	41.763252	6327	7316715008.000000
281474976710655.000000	40.021885	6328	7317787136.000000
281474976710655.000000	42.517673	6329	7318808576.000000
281474976710655.000000	39.225433	6330	7319880704.000000
281474976710655.000000	44.043285	6331	7320901632.000000
281474976710655.000000	52.465744	6332	7321973248.000000
281474976710655.000000	42.835350	6333	7322994176.000000
281474976710655.000000	33.755608	6334	7324065792.000000
281474976710655.000000	53.841274	6335	7325087744.000000
281474976710655.000000	43.686527	6336	7326159360.000000
281474976710655.000000	33.806110	6337	7327180288.000000
281474976710655.000000	37.439110	6338	7328251904.000000
281474976710655.000000	53.175117	6339	7329273856.000000
281474976710655.000000	40.321537	6340	7330344960.000000
281474976710655.000000	37.255524	6341	7331366400.000000
281474976710655.000000	37.000992	6342	7332438016.000000
281474976710655.000000	34.921940	6343	7333459456.000000
281474976710655.000000	42.650547	6344	7334531072.000000
281474976710655.000000	43.056530	6345	7335552512.000000
281474976710655.000000	41.312927	6346	7336624128.000000
281474976710655.000000	42.920254	6347	7337645056.000000
281474976710655.000000	31.929071	6348	7338716672.000000
281474976710655.000000	33.746006	6349	7339738112.000000
281474976710655.000000	34.797207	6350	7340810240.000000
281474976710655.000000	42.620304	6351	7341831168.000000
281474976710655.000000	41.777813	6352	7342903296.000000
281474976710655.000000	52.561756	6353	7343923712.000000
281474976710655.000000	35.000366	6354	7344995328.000000
281474976710655.000000	39.363613	6355	7346016256.000000
281474976710655.000000	39.835678	6356	7347089920.000000
281474976710655.000000	32.362988	6357	7348109824.000000
281474976710655.000000	52.109356	6358	7349181440.000000
281474976710655.000000	57.527409	6359	7350203392.000000
281474976710655.000000	41.914829	6360	7351274496.000000
281474976710655.000000	41.382969	6361	7352294912.000000
281474976710655.000000	39.278030	6362	7353368064.000000
281474976710655.000000	42.538937	6363	7354389504.000000
281474976710655.000000	32.466713	6364	7355461120.000000
281474976710655.000000	48.641224	6365	7356481536.000000
281474976710655.000000	32.407665	6366	7357553664.000000
281474976710655.000000	42.794662	6367	7358574592.000000
281474976710655.000000	42.794628	6368	7359646720.000000
281474976710655.000000	47.318630	6369	7360668160.000000
281474976710655.000000	50.474159	6370	7361740288.000000
281474976710655.000000	43.997646	6371	7362760704.000000
281474976710655.000000	43.230766	6372	7363832832.000000
281474976710655.000000	39.682133	6373	7364853760.000000
281474976710655.000000	35.882847	6374	7365925888.000000
281474976710655.000000	39.254776	6375	7366946816.000000
281474976710655.000000	42.005379	6376	7368018944.000000
281474976710655.000000	55.992268	6377	7369039872.000000
281474976710655.000000	43.990585	6378	7370112512.000000
281474976710655.000000	42.435394	6379	7371132416.000000
281474976710655.000000	41.859631	6380	7372204544.000000
281474976710655.000000	55.506271	6381	7373225472.000000
281474976710655.000000	45.615524	6382	7374298112.000000
281474976710655.000000	43.314796	6383	7375318528.000000
281474976710655.000000	36.512104	6384	7376390656.000000
281474976710655.000000	36.173267	6385	7377411584.000000
281474976710655.000000	51.604717	6386	7378483712.000000
281474976710655.000000	43.839474	6387	7379505152.000000
281474976710655.000000	44.661083	6388	7380575232.000000
281474976710655.000000	43.489948	6389	7381599232.000000
281474976710655.000000	35.554142	6390	7382668288.000000
281474976710655.000000	43.139927	6391	7383690752.000000
281474976710655.000000	32.159412	6392	7384762368.000000
281474976710655.000000	42.379833	6393	7385784320.000000
281474976710655.000000	36.662483	6394	7386853888.000000
281474976710655.000000	39.110069	6395	7387875328.000000
281474976710655.000000	36.237747	6396	7388948992.000000
281474976710655.000000	39.819046	6397	7389969920.000000
281474976710655.000000	42.958897	6398	7391041536.000000
281474976710655.000000	36.561947	6399	7392060928.000000
281474976710655.000000	33.686882	6400	7393135616.000000
281474976710655.000000	36.806355	6401	7394155008.000000
281474976710655.000000	42.427765	6402	7395227136.000000
281474976710655.000000	42.701061	6403	7396248064.000000
281474976710655.000000	41.772148	6404	7397320704.000000
281474976710655.000000	43.398342	6405	7398341632.000000
281474976710655.000000	42.129425	6406	7399413760.000000
281474976710655.000000	32.831596	6407	7400434688.000000
281474976710655.000000	39.638565	6408	7401506816.000000
281474976710655.000000	45.258247	6409	7402527232.000000
281474976710655.000000	56.877361	6410	7403599872.000000
281474976710655.000000	42.948196	6411	7404619776.000000
281474976710655.000000	37.284023	6412	7405692928.000000
281474976710655.000000	35.164547	6413	7406712832.000000
281474976710655.000000	34.013248	6414	7407784960.000000
281474976710655.000000	39.431004	6415	7408806400.000000
281474976710655.000000	41.872658	6416	7409878528.000000
281474976710655.000000	38.614159	6417	7410899456.000000
281474976710655.000000	34.311253	6418	7411971584.000000
281474976710655.000000	35.265366	6419	7412992000.000000
281474976710655.000000	41.543118	6420	7414064640.000000
281474976710655.000000	31.270750	6421	7415085568.000000
281474976710655.000000	43.396461	6422	7416157696.000000
281474976710655.000000	34.282257	6423	7417178112.000000
281474976710655.000000	34.209232	6424	7418250240.000000
281474976710655.000000	36.492271	6425	7419271168.000000
281474976710655.000000	36.751556	6426	7420343296.000000
281474976710655.000000	42.290916	6427	7421364224.000000
281474976710655.000000	43.933361	6428	7422436864.000000
281474976710655.000000	43.536598	6429	7423457280.000000
281474976710655.000000	33.697937	6430	7424529408.000000
281474976710655.000000	43.343433	6431	7425549824.000000
281474976710655.000000	42.448772	6432	7426622976.000000
281474976710655.000000	42.497627	6433	7427641856.000000
281474976710655.000000	35.672260	6434	7428715520.000000
281474976710655.000000	33.044331	6435	7429735424.000000
281474976710655.000000	38.859478	6436	7430808576.000000
281474976710655.000000	38.278061	6437	7431828992.000000
281474976710655.000000	50.957119	6438	7432902144.000000
281474976710655.000000	47.440170	6439	7433922048.000000
281474976710655.000000	42.589046	6440	7434994688.000000
281474976710655.000000	58.177452	6441	7436014592.000000
281474976710655.000000	33.056892	6442	7437088256.000000
281474976710655.000000	44.150116	6443	7438107648.000000
281474976710655.000000	42.884563	6444	7439181312.000000
281474976710655.000000	53.843418	6445	7440200704.000000
281474976710655.000000	41.641693	6446	7441272832.000000
281474976710655.000000	40.109509	6447	7442294272.000000
281474976710655.000000	37.128826	6448	7443366912.000000
281474976710655.000000	42.351952	6449	7444387328.000000
281474976710655.000000	41.134312	6450	7445459968.000000
281474976710655.000000	38.471634	6451	7446478848.000000
281474976710655.000000	42.228775	6452	7447552000.000000
281474976710655.000000	43.826458	6453	7448572928.000000
281474976710655.000000	41.015827	6454	7449645056.000000
281474976710655.000000	46.914276	6455	7450665984.000000
281474976710655.000000	40.854889	6456	7451738624.000000
281474976710655.000000	33.439297	6457	7452759040.000000
281474976710655.000000	39.176937	6458	7453831680.000000
281474976710655.000000	34.746258	6459	7454852096.000000
281474976710655.000000	35.274319	6460	7455924224.000000
281474976710655.000000	41.602013	6461	7456945152.000000
281474976710655.000000	43.016777	6462	7458017280.000000
281474976710655.000000	42.446411	6463	7459037696.000000
281474976710655.000000	42.989815	6464	7460110848.000000
281474976710655.000000	46.121159	6465	7461130752.000000
281474976710655.000000	42.448875	6466	7462203392.000000
281474976710655.000000	42.666279	6467	7463221248.000000
281474976710655.000000	46.316212	6468	7464296960.000000
281474976710655.000000	34.173130	6469	7465314304.000000
281474976710655.000000	31.616415	6470	7466390016.000000
281474976710655.000000	41.893566	6471	7467409920.000000
281474976710655.000000	37.040817	6472	7468484096.000000
281474976710655.000000	39.875271	6473	7469502976.000000
281474976710655.000000	38.138893	6474	7470577664.000000
281474976710655.000000	52.157421	6475	7471595520.000000
281474976710655.000000	31.918718	6476	7472667136.000000
281474976710655.000000	46.753345	6477	7473689088.000000
281474976710655.000000	42.795151	6478	7474760704.000000
281474976710655.000000	40.770329	6479	7475781120.000000
281474976710655.000000	58.308876	6480	7476853760.000000
281474976710655.000000	40.193600	6481	7477875200.000000
281474976710655.000000	33.725540	6482	7478946304.000000
281474976710655.000000	37.768448	6483	7479966720.000000
281474976710655.000000	41.305618	6484	7481039872.000000
281474976710655.000000	32.071789	6485	7482060288.000000
281474976710655.000000	31.479136	6486	7483132928.000000
281474976710655.000000	48.109798	6487	7484153856.000000
281474976710655.000000	33.372730	6488	7485228544.000000
281474976710655.000000	45.312943	6489	7486244352.000000
281474976710655.000000	56.958870	6490	7487321088.000000
281474976710655.000000	44.338493	6491	7488338432.000000
281474976710655.000000	43.214771	6492	7489414144.000000
281474976710655.000000	31.950024	6493	7490430464.000000
281474976710655.000000	42.013287	6494	7491506688.000000
281474976710655.000000	39.223961	6495	7492524032.000000
281474976710655.000000	39.923553	6496	7493599744.000000
281474976710655.000000	41.448246	6497	7494617088.000000
281474976710655.000000	40.920189	6498	7495692288.000000
281474976710655.000000	40.849728	6499	7496710656.000000
281474976710655.000000	42.211624	6500	7497783296.000000
281474976710655.000000	36.538910	6501	7498804224.000000
281474976710655.000000	38.441872	6502	7499877376.000000
281474976710655.000000	40.683727	6503	7500896768.000000
281474976710655.000000	35.302948	6504	7501970432.000000
281474976710655.000000	56.044304	6505	7502989824.000000
281474976710655.000000	32.308147	6506	7504062976.000000
281474976710655.000000	35.591167	6507	7505083392.000000
281474976710655.000000	36.069992	6508	7506155520.000000
281474976710655.000000	57.977356	6509	7507175424.000000
281474976710655.000000	32.296909	6510	7508248576.000000
281474976710655.000000	43.358990	6511	7509268992.000000
281474976710655.000000	41.763874	6512	7510342144.000000
281474976710655.000000	36.412251	6513	7511362048.000000
281474976710655.000000	37.000309	6514	7512435200.000000
281474976710655.000000	43.230434	6515	7513454592.000000
281474976710655.000000	41.248760	6516	7514527744.000000
281474976710655.000000	39.054333	6517	7515547648.000000
281474976710655.000000	36.327244	6518	7516620800.000000
281474976710655.000000	42.713734	6519	7517641216.000000
281474976710655.000000	41.728458	6520	7518715392.000000
281474976710655.000000	38.829800	6521	7519731712.000000
281474976710655.000000	52.219440	6522	7520808448.000000
281474976710655.000000	33.907318	6523	7521825792.000000
281474976710655.000000	41.703575	6524	7522899456.000000
281474976710655.000000	49.084072	6525	7523919872.000000
281474976710655.000000	37.402935	6526	7524993536.000000
281474976710655.000000	35.538288	6527	7526012416.000000
281474976710655.000000	42.105759	6528	7527085056.000000
281474976710655.000000	39.983330	6529	7528105984.000000
281474976710655.000000	39.540020	6530	7529178624.000000
281474976710655.000000	43.555172	6531	7530198528.000000
281474976710655.000000	42.397793	6532	7531272192.000000
281474976710655.000000	42.374523	6533	7532292096.000000
281474976710655.000000	34.014511	6534	7533364224.000000
281474976710655.000000	41.731762	6535	7534384640.000000
281474976710655.000000	54.411087	6536	7535457792.000000
281474976710655.000000	52.651371	6537	7536477184.000000
281474976710655.000000	42.520840	6538	7537551360.000000
281474976710655.000000	43.200382	6539	7538570240.000000
281474976710655.000000	34.938389	6540	7539644416.000000
281474976710655.000000	34.725464	6541	7540662784.000000
281474976710655.000000	39.194565	6542	7541737472.000000
281474976710655.000000	52.547878	6543	7542755840.000000
281474976710655.000000	36.669411	6544	7543829504.000000
281474976710655.000000	38.491173	6545	7544849408.000000
281474976710655.000000	35.882103	6546	7545923072.000000
281474976710655.000000	52.081539	6547	7546941952.000000
281474976710655.000000	33.886696	6548	7548015616.000000
281474976710655.000000	42.339630	6549	7549035008.000000
281474976710655.000000	35.935741	6550	7550109184.000000
281474976710655.000000	39.452362	6551	7551127552.000000
281474976710655.000000	38.158070	6552	7552202240.000000
281474976710655.000000	42.964699	6553	7553221120.000000
281474976710655.000000	42.321411	6554	7554294784.000000
281474976710655.000000	45.438454	6555	7555314176.000000
281474976710655.000000	45.049877	6556	7556388352.000000
281474976710655.000000	41.668591	6557	7557406208.000000
281474976710655.000000	34.974075	6558	7558480896.000000
281474976710655.000000	38.446201	6559	7559499264.000000
281474976710655.000000	33.379478	6560	7560573952.000000
281474976710655.000000	36.727291	6561	7561592320.000000
281474976710655.000000	39.985840	6562	7562667008.000000
281474976710655.000000	33.510693	6563	7563685888.000000
281474976710655.000000	35.408005	6564	7564760576.000000
281474976710655.000000	46.993645	6565	7565778432.000000
281474976710655.000000	45.554028	6566	7566853632.000000
281474976710655.000000	38.286446	6567	7567870976.000000
281474976710655.000000	41.694771	6568	7568946688.000000
281474976710655.000000	34.944107	6569	7569964032.000000
281474976710655.000000	50.688210	6570	7571039744.000000
281474976710655.000000	41.312107	6571	7572057600.000000
281474976710655.000000	33.078979	6572	7573132288.000000
281474976710655.000000	37.543209	6573	7574149120.000000
281474976710655.000000	36.089855	6574	7575225344.000000
281474976710655.000000	35.213047	6575	7576243200.000000
281474976710655.000000	41.473324	6576	7577318400.000000
281474976710655.000000	33.292465	6577	7578336256.000000
281474976710655.000000	43.652382	6578	7579409920.000000
281474976710655.000000	37.627781	6579	7580430336.000000
281474976710655.000000	36.518753	6580	7581503488.000000
281474976710655.000000	43.452450	6581	7582523392.000000
281474976710655.000000	42.002209	6582	7583596544.000000
281474976710655.000000	40.664505	6583	7584615936.000000
281474976710655.000000	31.355116	6584	7585689600.000000
281474976710655.000000	38.751846	6585	7586708992.000000
281474976710655.000000	31.416403	6586	7587782656.000000
281474976710655.000000	37.720798	6587	7588802048.000000
281474976710655.000000	38.746452	6588	7589875200.000000
281474976710655.000000	36.984394	6589	7590893056.000000
281474976710655.000000	41.776287	6590	7591970816.000000
281474976710655.000000	31.812355	6591	7592986112.000000
281474976710655.000000	52.041016	6592	7594061824.000000
281474976710655.000000	41.281593	6593	7595080192.000000
281474976710655.000000	43.756531	6594	7596153344.000000
281474976710655.000000	39.297852	6595	7597173760.000000
281474976710655.000000	39.420425	6596	7598247424.000000
281474976710655.000000	36.827923	6597	7599266816.000000
281474976710655.000000	43.165813	6598	7600339968.000000
281474976710655.000000	46.417515	6599	7601359872.000000
281474976710655.000000	41.036423	6600	7602433024.000000
281474976710655.000000	47.570396	6601	7603452928.000000
281474976710655.000000	41.245975	6602	7604526080.000000
281474976710655.000000	36.212967	6603	7605545984.000000
281474976710655.000000	35.333366	6604	7606619136.000000
281474976710655.000000	39.324558	6605	7607639040.000000
281474976710655.000000	42.309845	6606	7608711680.000000
281474976710655.000000	41.555977	6607	7609732096.000000
281474976710655.000000	51.005856	6608	7610805248.000000
281474976710655.000000	42.068634	6609	7611824640.000000
281474976710655.000000	33.516182	6610	7612897792.000000
281474976710655.000000	33.843079	6611	7613917696.000000
281474976710655.000000	33.350842	6612	7614990336.000000
281474976710655.000000	36.433865	6613	7616010752.000000
281474976710655.000000	51.413223	6614	7617083904.000000
281474976710655.000000	42.401730	6615	7618103808.000000
281474976710655.000000	36.358212	6616	7619176448.000000
281474976710655.000000	33.873768	6617	7620196352.000000
281474976710655.000000	38.879894	6618	7621270016.000000
281474976710655.000000	46.568714	6619	7622289920.000000
281474976710655.000000	41.988480	6620	7623363584.000000
281474976710655.000000	57.368542	6621	7624382464.000000
281474976710655.000000	42.722778	6622	7625456128.000000
281474976710655.000000	43.092636	6623	7626475520.000000
281474976710655.000000	37.856182	6624	7627548160.000000
281474976710655.000000	36.060089	6625	7628569088.000000
281474976710655.000000	43.063896	6626	7629642240.000000
281474976710655.000000	41.572357	6627	7630661632.000000
281474976710655.000000	38.579136	6628	7631734784.000000
281474976710655.000000	42.090706	6629	7632754688.000000
281474976710655.000000	41.841068	6630	7633827328.000000
281474976710655.000000	35.205734	6631	7634847744.000000
281474976710655.000000	34.228058	6632	7635920896.000000
281474976710655.000000	36.608486	6633	7636940288.000000
281474976710655.000000	52.389793	6634	7638013952.000000
281474976710655.000000	44.636143	6635	7639033344.000000
281474976710655.000000	38.784153	6636	7640106496.000000
281474976710655.000000	42.640896	6637	7641126400.000000
281474976710655.000000	56.289463	6638	7642200064.000000
281474976710655.000000	39.512104	6639	7643219456.000000
281474976710655.000000	39.383884	6640	7644292608.000000
281474976710655.000000	42.184525	6641	7645312512.000000
281474976710655.000000	38.111179	6642	7646385664.000000
281474976710655.000000	34.005146	6643	7647405056.000000
281474976710655.000000	42.932472	6644	7648479232.000000
281474976710655.000000	58.054722	6645	7649498624.000000
281474976710655.000000	46.051319	6646	7650571776.000000
281474976710655.000000	42.471085	6647	7651591680.000000
281474976710655.000000	42.879124	6648	7652664832.000000
281474976710655.000000	39.306858	6649	7653683200.000000
281474976710655.000000	51.333836	6650	7654757376.000000
281474976710655.000000	42.677685	6651	7655777280.000000
281474976710655.000000	36.253716	6652	7656850432.000000
281474976710655.000000	42.903549	6653	7657869824.000000
281474976710655.000000	36.270168	6654	7658944000.000000
281474976710655.000000	41.510288	6655	7659963392.000000
281474976710655.000000	35.850376	6656	7661036544.000000
281474976710655.000000	43.095886	6657	7662055936.000000
281474976710655.000000	31.272100	6658	7663129600.000000
281474976710655.000000	54.540863	6659	7664149504.000000
281474976710655.000000	38.707180	6660	7665222656.000000
281474976710655.000000	37.637642	6661	7666242048.000000
281474976710655.000000	52.057526	6662	7667315200.000000
281474976710655.000000	43.578941	6663	7668335104.000000
281474976710655.000000	44.551144	6664	7669409792.000000
281474976710655.000000	40.518116	6665	7670427648.000000
281474976710655.000000	37.218758	6666	7671501824.000000
281474976710655.000000	53.223934	6667	7672521728.000000
281474976710655.000000	53.519142	6668	7673593344.000000
281474976710655.000000	42.657757	6669	7674614784.000000
281474976710655.000000	42.723434	6670	7675686912.000000
281474976710655.000000	34.513306	6671	7676707328.000000
281474976710655.000000	40.523293	6672	7677779456.000000
281474976710655.000000	34.774563	6673	7678800896.000000
281474976710655.000000	35.262806	6674	7679872512.000000
281474976710655.000000	38.953365	6675	7680893440.000000
281474976710655.000000	43.151798	6676	7681966080.000000
281474976710655.000000	42.511230	6677	7682986496.000000
281474976710655.000000	53.001965	6678	7684058624.000000
281474976710655.000000	41.011440	6679	7685079552.000000
281474976710655.000000	41.811623	6680	7686151680.000000
281474976710655.000000	43.892162	6681	7687172608.000000
281474976710655.000000	41.283558	6682	7688244736.000000
281474976710655.000000	36.028275	6683	7689264128.000000
281474976710655.000000	35.044636	6684	7690338304.000000
281474976710655.000000	35.115818	6685	7691358208.000000
281474976710655.000000	41.344616	6686	7692430848.000000
281474976710655.000000	36.041451	6687	7693450752.000000
281474976710655.000000	42.226341	6688	7694523904.000000
281474976710655.000000	34.311584	6689	7695543808.000000
281474976710655.000000	35.924026	6690	7696617472.000000
281474976710655.000000	33.969185	6691	7697636864.000000
281474976710655.000000	40.162331	6692	7698710016.000000
281474976710655.000000	41.663132	6693	7699729408.000000
281474976710655.000000	35.030884	6694	7700803072.000000
281474976710655.000000	41.888542	6695	7701822464.000000
281474976710655.000000	42.904057	6696	7702896640.000000
281474976710655.000000	41.293682	6697	7703915520.000000
281474976710655.000000	32.916325	6698	7704988160.000000
281474976710655.000000	37.158569	6699	7706008576.000000
281474976710655.000000	50.940536	6700	7707082240.000000
281474976710655.000000	35.198391	6701	7708101120.000000
281474976710655.000000	35.041454	6702	7709174784.000000
281474976710655.000000	40.842304	6703	7710194688.000000
281474976710655.000000	34.989807	6704	7711268352.000000
281474976710655.000000	35.654060	6705	7712287232.000000
281474976710655.000000	51.641766	6706	7713361408.000000
281474976710655.000000	43.482983	6707	7714380288.000000
281474976710655.000000	33.581623	6708	7715453952.000000
281474976710655.000000	40.259949	6709	7716471808.000000
281474976710655.000000	37.853867	6710	7717547520.000000
281474976710655.000000	41.766846	6711	7718565888.000000
281474976710655.000000	33.579243	6712	7719640064.000000
281474976710655.000000	33.024052	6713	7720659456.000000
281474976710655.000000	38.119671	6714	7721733120.000000
281474976710655.000000	57.936222	6715	7722752512.000000
281474976710655.000000	42.784050	6716	7723826176.000000
281474976710655.000000	31.704775	6717	7724845568.000000
281474976710655.000000	42.260986	6718	7725918720.000000
281474976710655.000000	32.579948	6719	7726938624.000000
281474976710655.000000	33.710304	6720	7728011776.000000
281474976710655.000000	42.246040	6721	7729031168.000000
281474976710655.000000	42.598427	6722	7730104832.000000
281474976710655.000000	53.899467	6723	7731124224.000000
281474976710655.000000	41.034019	6724	7732197888.000000
281474976710655.000000	36.076580	6725	7733217280.000000
281474976710655.000000	34.518669	6726	7734290944.000000
281474976710655.000000	36.259441	6727	7735310336.000000
281474976710655.000000	38.366867	6728	7736384000.000000
281474976710655.000000	39.646194	6729	7737403392.000000
281474976710655.000000	35.092346	6730	7738476544.000000
281474976710655.000000	47.208405	6731	7739496448.000000
281474976710655.000000	44.140690	6732	7740570112.000000
281474976710655.000000	59.152103	6733	7741589504.000000
281474976710655.000000	40.917866	6734	7742662656.000000
281474976710655.000000	35.443604	6735	7743682560.000000
281474976710655.000000	44.348099	6736	7744755712.000000
281474976710655.000000	35.761055	6737	7745775104.000000
281474976710655.000000	51.829868	6738	7746848768.000000
281474976710655.000000	36.825794	6739	7747868160.000000
281474976710655.000000	36.463398	6740	7748940800.000000
281474976710655.000000	41.283718	6741	7749961216.000000
281474976710655.000000	37.533733	6742	7751034880.000000
281474976710655.000000	50.999290	6743	7752055296.000000
281474976710655.000000	31.709316	6744	7753127936.000000
281474976710655.000000	44.563812	6745	7754146816.000000
281474976710655.000000	42.684780	6746	7755219456.000000
281474976710655.000000	41.681114	6747	7756240384.000000
281474976710655.000000	33.224789	6748	7757313024.000000
281474976710655.000000	36.926743	6749	7758333440.000000
281474976710655.000000	41.699478	6750	7759405568.000000
281474976710655.000000	42.469448	6751	7760426496.000000
281474976710655.000000	36.383751	6752	7761498624.000000
281474976710655.000000	32.547672	6753	7762519552.000000
281474976710655.000000	54.639412	6754	7763592192.000000
281474976710655.000000	38.302246	6755	7764612608.000000
281474976710655.000000	42.477291	6756	7765685248.000000
281474976710655.000000	41.959862	6757	7766706688.000000
281474976710655.000000	46.242760	6758	7767775744.000000
281474976710655.000000	43.819454	6759	7768798208.000000
281474976710655.000000	40.745796	6760	7769871360.000000
281474976710655.000000	40.013584	6761	7770891264.000000
281474976710655.000000	35.193684	6762	7771964928.000000
281474976710655.000000	40.747303	6763	7772984320.000000
281474976710655.000000	41.069485	6764	7774056448.000000
281474976710655.000000	36.055580	6765	7775076864.000000
281474976710655.000000	39.302902	6766	7776150016.000000
281474976710655.000000	35.341106	6767	7777169920.000000
281474976710655.000000	40.750237	6768	7778243072.000000
281474976710655.000000	32.088459	6769	7779262464.000000
281474976710655.000000	52.735836	6770	7780336128.000000
281474976710655.000000	41.685177	6771	7781355520.000000
281474976710655.000000	36.091446	6772	7782429184.000000
281474976710655.000000	41.590302	6773	7783449088.000000
281474976710655.000000	44.501060	6774	7784522240.000000
281474976710655.000000	41.678993	6775	7785542656.000000
281474976710655.000000	57.965157	6776	7786615296.000000
281474976710655.000000	35.624771	6777	7787634176.000000
281474976710655.000000	44.299568	6778	7788707840.000000
281474976710655.000000	44.008881	6779	7789728256.000000
281474976710655.000000	39.857418	6780	7790800896.000000
281474976710655.000000	36.135796	6781	7791821312.000000
281474976710655.000000	40.364380	6782	7792894464.000000
281474976710655.000000	42.489952	6783	7793913856.000000
281474976710655.000000	33.562584	6784	7794987008.000000
281474976710655.000000	37.395744	6785	7796006400.000000
281474976710655.000000	53.069023	6786	7797078016.000000
281474976710655.000000	35.222404	6787	7798100992.000000
281474976710655.000000	46.017685	6788	7799171584.000000
281474976710655.000000	41.766972	6789	7800194560.000000
281474976710655.000000	38.677528	6790	7801264128.000000
281474976710655.000000	41.959633	6791	7802287104.000000
281474976710655.000000	41.138470	6792	7803357184.000000
281474976710655.000000	33.298512	6793	7804380160.000000
281474976710655.000000	43.268772	6794	7805450240.000000
281474976710655.000000	44.734531	6795	7806472704.000000
281474976710655.000000	33.161663	6796	7807543296.000000
281474976710655.000000	41.301025	6797	7808564224.000000
281474976710655.000000	51.775341	6798	7809636864.000000
281474976710655.000000	47.844997	6799	7810658816.000000
281474976710655.000000	32.503574	6800	7811729408.000000
281474976710655.000000	39.483536	6801	7812751360.000000
281474976710655.000000	38.231499	6802	7813822976.000000
281474976710655.000000	53.989681	6803	7814844928.000000
281474976710655.000000	43.464973	6804	7815916032.000000
281474976710655.000000	38.917374	6805	7816937472.000000
281474976710655.000000	41.308971	6806	7818008576.000000
281474976710655.000000	37.406696	6807	7819030016.000000
281474976710655.000000	53.591381	6808	7820101120.000000
281474976710655.000000	42.354202	6809	7821123584.000000
281474976710655.000000	33.250340	6810	7822194688.000000
281474976710655.000000	51.996712	6811	7823216640.000000
281474976710655.000000	34.201771	6812	7824287232.000000
281474976710655.000000	44.518085	6813	7825309696.000000
281474976710655.000000	38.483627	6814	7826380800.000000
281474976710655.000000	42.208496	6815	7827402752.000000
281474976710655.000000	40.331963	6816	7828473344.000000
281474976710655.000000	42.161839	6817	7829495808.000000
281474976710655.000000	37.224785	6818	7830566400.000000
281474976710655.000000	39.710583	6819	7831588352.000000
281474976710655.000000	42.641117	6820	7832659456.000000
281474976710655.000000	59.336094	6821	7833681408.000000
281474976710655.000000	46.074341	6822	7834752512.000000
281474976710655.000000	54.887249	6823	7835774464.000000
281474976710655.000000	35.791748	6824	7836845056.000000
281474976710655.000000	42.111927	6825	7837867008.000000
281474976710655.000000	38.652740	6826	7838939648.000000
281474976710655.000000	37.060970	6827	7839958528.000000
281474976710655.000000	32.027191	6828	7841031680.000000
281474976710655.000000	47.346882	6829	7842052608.000000
281474976710655.000000	36.649971	6830	7843125248.000000
281474976710655.000000	47.697128	6831	7844145664.000000
281474976710655.000000	41.443672	6832	7845218304.000000
281474976710655.000000	37.324112	6833	7846238208.000000
281474976710655.000000	41.273952	6834	7847310848.000000
281474976710655.000000	50.962643	6835	7848331776.000000
281474976710655.000000	39.930553	6836	7849404416.000000
281474976710655.000000	48.468704	6837	7850424832.000000
281474976710655.000000	46.251961	6838	7851496448.000000
281474976710655.000000	35.866589	6839	7852517376.000000
281474976710655.000000	39.220829	6840	7853589504.000000
281474976710655.000000	42.346390	6841	7854610432.000000
281474976710655.000000	53.275532	6842	7855682560.000000
281474976710655.000000	42.996639	6843	7856703488.000000
281474976710655.000000	41.917286	6844	7857775616.000000
281474976710655.000000	41.884640	6845	7858796544.000000
281474976710655.000000	34.172348	6846	7859868672.000000
281474976710655.000000	42.039997	6847	7860889600.000000
281474976710655.000000	32.486115	6848	7861961728.000000
281474976710655.000000	49.448009	6849	7862982144.000000
281474976710655.000000	40.914993	6850	7864055296.000000
281474976710655.000000	35.901234	6851	7865075200.000000
281474976710655.000000	36.595898	6852	7866148352.000000
281474976710655.000000	53.082134	6853	7867167744.000000
281474976710655.000000	51.085911	6854	7868240896.000000
281474976710655.000000	43.615875	6855	7869261312.000000
281474976710655.000000	41.341961	6856	7870333952.000000
281474976710655.000000	55.907703	6857	7871354368.000000
281474976710655.000000	50.610790	6858	7872426496.000000
281474976710655.000000	37.164097	6859	7873447424.000000
281474976710655.000000	55.664768	6860	7874519040.000000
281474976710655.000000	42.038300	6861	7875540992.000000
281474976710655.000000	39.163414	6862	7876612096.000000
281474976710655.000000	41.899395	6863	7877633536.000000
281474976710655.000000	30.844398	6864	7878704640.000000
281474976710655.000000	43.473476	6865	7879727104.000000
281474976710655.000000	36.415565	6866	7880798208.000000
281474976710655.000000	43.206261	6867	7881820160.000000
281474976710655.000000	56.263195	6868	7882890752.000000
281474976710655.000000	39.733353	6869	7883912704.000000
281474976710655.000000	37.557480	6870	7884983808.000000
281474976710655.000000	46.612057	6871	7886005760.000000
281474976710655.000000	41.547691	6872	7887076864.000000
281474976710655.000000	38.632771	6873	7888098304.000000
281474976710655.000000	46.433426	6874	7889169920.000000
281474976710655.000000	59.250057	6875	7890191872.000000
281474976710655.000000	40.727783	6876	7891262976.000000
281474976710655.000000	42.712776	6877	7892284928.000000
281474976710655.000000	52.340157	6878	7893356032.000000
281474976710655.000000	37.890202	6879	7894376448.000000
281474976710655.000000	37.619526	6880	7895449088.000000
281474976710655.000000	41.985233	6881	7896471040.000000
281474976710655.000000	53.415493	6882	7897541632.000000
281474976710655.000000	55.418530	6883	7898563584.000000
281474976710655.000000	41.116909	6884	7899634688.000000
281474976710655.000000	44.098312	6885	7900656640.000000
281474976710655.000000	45.834339	6886	7901727744.000000
281474976710655.000000	46.874065	6887	7902749696.000000
281474976710655.000000	38.948109	6888	7903820800.000000
281474976710655.000000	42.233246	6889	7904841216.000000
281474976710655.000000	35.360283	6890	7905914368.000000
281474976710655.000000	42.116371	6891	7906935296.000000
281474976710655.000000	40.985947	6892	7908007424.000000
281474976710655.000000	32.386978	6893	7909026304.000000
281474976710655.000000	41.478962	6894	7910100480.000000
281474976710655.000000	43.628746	6895	7911120384.000000
281474976710655.000000	38.291851	6896	7912192512.000000
281474976710655.000000	35.984043	6897	7913213440.000000
281474976710655.000000	52.826374	6898	7914286080.000000
281474976710655.000000	42.560989	6899	7915306496.000000
281474976710655.000000	56.681427	6900	7916379648.000000
281474976710655.000000	36.415409	6901	7917399552.000000
281474976710655.000000	38.573090	6902	7918472192.000000
281474976710655.000000	43.137184	6903	7919493120.000000
281474976710655.000000	34.009106	6904	7920565248.000000
281474976710655.000000	34.005863	6905	7921584640.000000
281474976710655.000000	32.586067	6906	7922657792.000000
281474976710655.000000	31.846655	6907	7923679232.000000
281474976710655.000000	34.474670	6908	7924750848.000000
281474976710655.000000	41.927139	6909	7925771264.000000
281474976710655.000000	39.614792	6910	7926843904.000000
281474976710655.000000	52.438332	6911	7927864832.000000
281474976710655.000000	34.052544	6912	7928936448.000000
281474976710655.000000	38.494934	6913	7929957376.000000
281474976710655.000000	33.429127	6914	7931029504.000000
281474976710655.000000	42.215893	6915	7932050944.000000
281474976710655.000000	35.343063	6916	7933122560.000000
281474976710655.000000	36.097134	6917	7934144000.000000
281474976710655.000000	36.054687	6918	7935216128.000000
281474976710655.000000	42.181961	6919	7936236544.000000
281474976710655.000000	43.884209	6920	7937308672.000000
281474976710655.000000	43.558136	6921	7938330112.000000
281474976710655.000000	41.872231	6922	7939401728.000000
281474976710655.000000	41.708195	6923	7940422656.000000
281474976710655.000000	45.508209	6924	7941494784.000000
281474976710655.000000	44.046337	6925	7942515712.000000
281474976710655.000000	36.822117	6926	7943587328.000000
281474976710655.000000	41.719833	6927	7944608768.000000
281474976710655.000000	40.486893	6928	7945680384.000000
281474976710655.000000	53.060284	6929	7946701824.000000
281474976710655.000000	40.685894	6930	7947772928.000000
281474976710655.000000	36.071861	6931	7948794880.000000
281474976710655.000000	39.605217	6932	7949865984.000000
281474976710655.000000	41.757423	6933	7950887936.000000
281474976710655.000000	40.447193	6934	7951959040.000000
281474976710655.000000	39.383770	6935	7952980992.000000
281474976710655.000000	33.943581	6936	7954052608.000000
281474976710655.000000	45.587212	6937	7955073536.000000
281474976710655.000000	39.615192	6938	7956144640.000000
281474976710655.000000	37.898869	6939	7957166080.000000
281474976710655.000000	31.590265	6940	7958237696.000000
281474976710655.000000	33.407742	6941	7959259648.000000
281474976710655.000000	35.912430	6942	7960331264.000000
281474976710655.000000	40.988449	6943	7961352704.000000
281474976710655.000000	51.206654	6944	7962423808.000000
281474976710655.000000	38.055573	6945	7963443712.000000
281474976710655.000000	38.266846	6946	7964516352.000000
281474976710655.000000	37.187042	6947	7965538304.000000
281474976710655.000000	46.658695	6948	7966609920.000000
281474976710655.000000	46.123363	6949	7967631872.000000
281474976710655.000000	46.277035	6950	7968702976.000000
281474976710655.000000	56.127289	6951	7969724416.000000
281474976710655.000000	30.953260	6952	7970795520.000000
281474976710655.000000	47.290451	6953	7971817472.000000
281474976710655.000000	36.924774	6954	7972889088.000000
281474976710655.000000	42.818466	6955	7973910528.000000
281474976710655.000000	37.577568	6956	7974982144.000000
281474976710655.000000	48.261532	6957	7976003584.000000
281474976710655.000000	41.976456	6958	7977075200.000000
281474976710655.000000	54.456089	6959	7978094592.000000
281474976710655.000000	42.661110	6960	7979169792.000000
281474976710655.000000	57.407921	6961	7980188672.000000
281474976710655.000000	41.078087	6962	7981261312.000000
281474976710655.000000	35.846035	6963	7982281216.000000
281474976710655.000000	36.038193	6964	7983354880.000000
281474976710655.000000	39.265919	6965	7984374272.000000
281474976710655.000000	39.252468	6966	7985447936.000000
281474976710655.000000	53.517929	6967	7986464768.000000
281474976710655.000000	34.682404	6968	7987542016.000000
281474976710655.000000	35.671925	6969	7988558336.000000
281474976710655.000000	34.902237	6970	7989636096.000000
281474976710655.000000	41.589909	6971	7990651392.000000
281474976710655.000000	55.196968	6972	7991728640.000000
281474976710655.000000	56.004032	6973	7992744960.000000
281474976710655.000000	39.632870	6974	7993821696.000000
281474976710655.000000	53.139729	6975	7994837504.000000
281474976710655.000000	33.517529	6976	7995914752.000000
281474976710655.000000	34.451817	6977	7996930560.000000
281474976710655.000000	42.788837	6978	7998007808.000000
281474976710655.000000	33.446571	6979	7999023616.000000
281474976710655.000000	37.759617	6980	8000100864.000000
281474976710655.000000	32.304848	6981	8001116672.000000
281474976710655.000000	40.954655	6982	8002193408.000000
281474976710655.000000	36.833836	6983	8003209216.000000
281474976710655.000000	41.721882	6984	8004286976.000000
281474976710655.000000	41.393944	6985	8005302272.000000
281474976710655.000000	33.880047	6986	8006379520.000000
281474976710655.000000	34.528805	6987	8007394816.000000
281474976710655.000000	47.536549	6988	8008472576.000000
281474976710655.000000	44.697025	6989	8009488384.000000
281474976710655.000000	33.302891	6990	8010564096.000000
281474976710655.000000	32.930950	6991	8011583488.000000
281474976710655.000000	42.110004	6992	8012655616.000000
281474976710655.000000	51.454212	6993	8013675520.000000
281474976710655.000000	42.100693	6994	8014749184.000000
281474976710655.000000	44.617176	6995	8015770112.000000
281474976710655.000000	34.358021	6996	8016841216.000000
281474976710655.000000	42.282726	6997	8017862656.000000
281474976710655.000000	31.036005	6998	8018934784.000000
281474976710655.000000	40.145321	6999	8019955712.000000
281474976710655.000000	39.725487	7000	8021027328.000000
281474976710655.000000	54.806973	7001	8022048768.000000
281474976710655.000000	38.795315	7002	8023120896.000000
281474976710655.000000	34.652283	7003	8024141312.000000
281474976710655.000000	51.791061	7004	8025213440.000000
281474976710655.000000	42.148129	7005	8026234880.000000
281474976710655.000000	38.628063	7006	8027306496.000000
281474976710655.000000	38.850033	7007	8028327424.000000
281474976710655.000000	41.018909	7008	8029399040.000000
281474976710655.000000	45.365974	7009	8030420992.000000
281474976710655.000000	42.046360	7010	8031492608.000000
281474976710655.000000	40.759705	7011	8032513536.000000
281474976710655.000000	41.003170	7012	8033585152.000000
281474976710655.000000	42.794121	7013	8034607616.000000
281474976710655.000000	34.811726	7014	8035678208.000000
281474976710655.000000	34.168930	7015	8036699136.000000
281474976710655.000000	38.220215	7016	8037770752.000000
281474976710655.000000	45.782421	7017	8038793216.000000
281474976710655.000000	41.940247	7018	8039863808.000000
281474976710655.000000	42.443001	7019	8040885760.000000
281474976710655.000000	42.642651	7020	8041956864.000000
281474976710655.000000	36.788700	7021	8042978816.000000
281474976710655.000000	47.254810	7022	8044050432.000000
281474976710655.000000	54.527653	7023	8045071872.000000
281474976710655.000000	31.526632	7024	8046143488.000000
281474976710655.000000	57.895573	7025	8047164416.000000
281474976710655.000000	42.156712	7026	8048236032.000000
281474976710655.000000	41.119175	7027	8049257472.000000
281474976710655.000000	35.312706	7028	8050329600.000000
281474976710655.000000	40.193268	7029	8051350528.000000
281474976710655.000000	36.313591	7030	8052422656.000000
281474976710655.000000	42.201439	7031	8053443584.000000
281474976710655.000000	38.997429	7032	8054515200.000000
281474976710655.000000	38.699131	7033	8055536128.000000
281474976710655.000000	42.836975	7034	8056608768.000000
281474976710655.000000	43.041172	7035	8057629184.000000
281474976710655.000000	38.231579	7036	8058702336.000000
281474976710655.000000	43.943924	7037	8059721216.000000
281474976710655.000000	35.080685	7038	8060794880.000000
281474976710655.000000	35.597984	7039	8061814272.000000
281474976710655.000000	38.690159	7040	8062887936.000000
281474976710655.000000	51.269794	7041	8063907840.000000
281474976710655.000000	43.435074	7042	8064980480.000000
281474976710655.000000	41.828751	7043	8066000384.000000
281474976710655.000000	40.138577	7044	8067073536.000000
281474976710655.000000	35.261738	7045	8068093440.000000
281474976710655.000000	41.283966	7046	8069166592.000000
281474976710655.000000	35.979500	7047	8070186496.000000
281474976710655.000000	41.712105	7048	8071259648.000000
281474976710655.000000	39.936832	7049	8072279552.000000
281474976710655.000000	30.791672	7050	8073351680.000000
281474976710655.000000	41.764069	7051	8074373120.000000
281474976710655.000000	41.927078	7052	8075445760.000000
281474976710655.000000	55.681751	7053	8076465664.000000
281474976710655.000000	41.546345	7054	8077538304.000000
281474976710655.000000	41.953186	7055	8078558720.000000
281474976710655.000000	37.561733	7056	8079631360.000000
281474976710655.000000	51.409267	7057	8080651776.000000
281474976710655.000000	33.570511	7058	8081724416.000000
281474976710655.000000	39.580132	7059	8082744320.000000
281474976710655.000000	37.467403	7060	8083816960.000000
281474976710655.000000	41.770943	7061	8084837888.000000
281474976710655.000000	34.361256	7062	8085911040.000000
281474976710655.000000	35.338058	7063	8086930432.000000
281474976710655.000000	44.444305	7064	8088004096.000000
281474976710655.000000	38.756149	7065	8089021952.000000
281474976710655.000000	41.885983	7066	8090098176.000000
281474976710655.000000	35.573746	7067	8091113472.000000
281474976710655.000000	42.057518	7068	8092189184.000000
281474976710655.000000	38.925648	7069	8093209600.000000
281474976710655.000000	45.820919	7070	8094283264.000000
281474976710655.000000	36.446972	7071	8095301120.000000
281474976710655.000000	41.845982	7072	8096376320.000000
281474976710655.000000	37.125793	7073	8097395200.000000
281474976710655.000000	42.665459	7074	8098467328.000000
281474976710655.000000	32.768524	7075	8099488256.000000
281474976710655.000000	38.375835	7076	8100560896.000000
281474976710655.000000	42.929192	7077	8101581824.000000
281474976710655.000000	33.291367	7078	8102653440.000000
281474976710655.000000	47.018425	7079	8103674880.000000
281474976710655.000000	58.252300	7080	8104747520.000000
281474976710655.000000	57.328266	7081	8105767936.000000
281474976710655.000000	41.490795	7082	8106839040.000000
281474976710655.000000	34.859589	7083	8107860480.000000
281474976710655.000000	34.597435	7084	8108932608.000000
281474976710655.000000	33.991322	7085	8109953024.000000
281474976710655.000000	41.835056	7086	8111025664.000000
281474976710655.000000	32.253490	7087	8112046592.000000
281474976710655.000000	43.582493	7088	8113118720.000000
281474976710655.000000	36.945942	7089	8114139136.000000
281474976710655.000000	42.825336	7090	8115211776.000000
281474976710655.000000	48.263206	7091	8116232192.000000
281474976710655.000000	42.193645	7092	8117304832.000000
281474976710655.000000	43.241444	7093	8118325248.000000
281474976710655.000000	34.145355	7094	8119397376.000000
281474976710655.000000	44.058975	7095	8120418304.000000
281474976710655.000000	30.805279	7096	8121490944.000000
281474976710655.000000	41.716522	7097	8122511360.000000
281474976710655.000000	42.001251	7098	8123584000.000000
281474976710655.000000	35.935139	7099	8124603904.000000
281474976710655.000000	53.687885	7100	8125677056.000000
281474976710655.000000	44.990284	7101	8126697472.000000
281474976710655.000000	34.516285	7102	8127771136.000000
281474976710655.000000	43.646362	7103	8128789504.000000
281474976710655.000000	40.987812	7104	8129862656.000000
281474976710655.000000	47.673744	7105	8130882560.000000
281474976710655.000000	35.138939	7106	8131956224.000000
281474976710655.000000	39.144390	7107	8132974592.000000
281474976710655.000000	42.093811	7108	8134049280.000000
281474976710655.000000	35.141876	7109	8135066624.000000
281474976710655.000000	51.378681	7110	8136140800.000000
281474976710655.000000	42.430943	7111	8137161728.000000
281474976710655.000000	41.777790	7112	8138234368.000000
281474976710655.000000	32.734215	7113	8139254272.000000
281474976710655.000000	38.727509	7114	8140327936.000000
281474976710655.000000	40.384060	7115	8141347840.000000
281474976710655.000000	32.618702	7116	8142420480.000000
281474976710655.000000	41.207241	7117	8143440896.000000
281474976710655.000000	40.856327	7118	8144513536.000000
281474976710655.000000	39.647320	7119	8145533952.000000
281474976710655.000000	38.249500	7120	8146606080.000000
281474976710655.000000	46.789303	7121	8147627520.000000
281474976710655.000000	36.019817	7122	8148700160.000000
281474976710655.000000	50.697727	7123	8149718528.000000
281474976710655.000000	50.932301	7124	8150793728.000000
281474976710655.000000	32.344395	7125	8151813632.000000
281474976710655.000000	42.200039	7126	8152882688.000000
281474976710655.000000	36.545734	7127	8153905152.000000
281474976710655.000000	39.098141	7128	8154977792.000000
281474976710655.000000	35.050629	7129	8155998208.000000
281474976710655.000000	34.466293	7130	8157069312.000000
281474976710655.000000	41.222332	7131	8158092288.000000
281474976710655.000000	52.765820	7132	8159164928.000000
281474976710655.000000	34.887131	7133	8160183808.000000
281474976710655.000000	41.699856	7134	8161257472.000000
281474976710655.000000	34.630219	7135	8162276864.000000
281474976710655.000000	41.517071	7136	8163350528.000000
281474976710655.000000	47.082565	7137	8164369920.000000
281474976710655.000000	39.140987	7138	8165443584.000000
281474976710655.000000	42.233845	7139	8166462976.000000
281474976710655.000000	35.912075	7140	8167536128.000000
281474976710655.000000	35.912357	7141	8168555520.000000
281474976710655.000000	43.929260	7142	8169629696.000000
281474976710655.000000	55.991623	7143	8170649088.000000
281474976710655.000000	35.270844	7144	8171721728.000000
281474976710655.000000	53.212189	7145	8172741632.000000
281474976710655.000000	40.541119	7146	8173815296.000000
281474976710655.000000	34.334103	7147	8174834176.000000
281474976710655.000000	58.240253	7148	8175908352.000000
281474976710655.000000	52.703495	7149	8176927744.000000
281474976710655.000000	41.102142	7150	8178001408.000000
281474976710655.000000	42.169128	7151	8179020288.000000
281474976710655.000000	42.448666	7152	8180093952.000000
281474976710655.000000	38.479370	7153	8181113344.000000
281474976710655.000000	41.543980	7154	8182187520.000000
281474976710655.000000	42.444611	7155	8183206912.000000
281474976710655.000000	38.720871	7156	8184279552.000000
281474976710655.000000	32.755898	7157	8185298944.000000
281474976710655.000000	51.687717	7158	8186373120.000000
281474976710655.000000	53.957455	7159	8187393024.000000
281474976710655.000000	41.726437	7160	8188465664.000000
281474976710655.000000	44.229237	7161	8189486080.000000
281474976710655.000000	41.895985	7162	8190558720.000000
281474976710655.000000	42.924721	7163	8191578112.000000
281474976710655.000000	34.169247	7164	8192652288.000000
281474976710655.000000	42.894093	7165	8193671680.000000
281474976710655.000000	43.310936	7166	8194743808.000000
281474976710655.000000	37.632557	7167	8195765248.000000
281474976710655.000000	35.248169	7168	8196836864.000000
281474976710655.000000	43.698669	7169	8197856256.000000
281474976710655.000000	41.296215	7170	8198930944.000000
281474976710655.000000	53.215679	7171	8199951360.000000
281474976710655.000000	37.337074	7172	8201025024.000000
281474976710655.000000	55.796150	7173	8202044416.000000
281474976710655.000000	42.046051	7174	8203115520.000000
