time (s)	energy (uJ)	charge (mC)	voltage (mV)	crossing#mod 255
6468.038844	18.258455	0.005458	3.345090	140
6469.058086	18.307711	0.005473	3.344860	141
6470.131966	18.253304	0.005457	3.345015	142
6471.152068	18.309225	0.005474	3.344530	143
6472.226061	18.273430	0.005464	3.344315	144
6473.247948	18.262537	0.005460	3.344969	145
6474.316908	18.267427	0.005461	3.345186	146
6475.341618	18.256493	0.005458	3.344943	147
6476.410803	18.289486	0.005468	3.344818	148
6477.430851	18.220167	0.005448	3.344663	149
6478.502900	18.324684	0.005479	3.344798	150
6479.523438	18.247911	0.005457	3.344190	151
6480.596910	18.290363	0.005469	3.344631	152
6481.617527	18.345528	0.005484	3.345102	153
6482.693555	18.261015	0.005459	3.345190	154
6483.713632	18.275330	0.005464	3.344842	155
6484.782197	18.314661	0.005475	3.344906	156
6485.803951	18.267315	0.005460	3.345367	157
6486.875159	18.307505	0.005474	3.344487	158
6487.896975	18.265282	0.005460	3.345048	159
6488.968128	18.295734	0.005469	3.345521	160
6489.990593	18.292854	0.005469	3.345114	161
6491.060731	18.269035	0.005462	3.344981	162
6492.082560	18.269814	0.005462	3.344744	163
6493.155142	18.287291	0.005467	3.344877	164
6494.177343	18.278206	0.005465	3.344755	165
6495.247846	18.283207	0.005466	3.344906	166
6496.268400	18.273186	0.005463	3.345122	167
6497.340949	18.286917	0.005466	3.345324	168
6498.360966	18.221928	0.005447	3.345519	169
6499.436105	18.283464	0.005466	3.345039	170
6500.454030	18.271290	0.005462	3.345372	171
6501.528157	18.310747	0.005473	3.345594	172
6502.549455	18.269136	0.005461	3.345363	173
6503.622485	18.273291	0.005463	3.345125	174
6504.636757	18.302883	0.005471	3.345235	175
6505.715314	18.329014	0.005479	3.345064	176
6506.735342	18.313196	0.005475	3.344779	177
6507.805744	18.236418	0.005452	3.344637	178
6508.823971	18.250916	0.005456	3.344931	179
6509.897922	18.293211	0.005469	3.344713	180
6510.917910	18.291113	0.005469	3.344584	181
6511.991922	18.326996	0.005479	3.344809	182
6513.010420	18.243330	0.005454	3.345231	183
6514.084474	18.284262	0.005465	3.345527	184
6515.104499	18.288374	0.005467	3.345352	185
6516.178462	18.268110	0.005461	3.345192	186
6517.198183	18.271040	0.005462	3.345332	187
6518.270151	18.245335	0.005454	3.345457	188
6519.290661	18.301701	0.005471	3.344921	189
6520.364956	18.243834	0.005454	3.344763	190
6521.382786	18.264475	0.005460	3.345037	191
6522.456719	18.303024	0.005471	3.345515	192
6523.474781	18.324783	0.005477	3.345488	193
6524.550766	18.269159	0.005462	3.344879	194
6525.568846	18.326893	0.005479	3.344861	195
6526.642828	18.282907	0.005466	3.345089	196
6527.662886	18.289440	0.005467	3.345536	197
6528.735538	18.277927	0.005465	3.344379	198
6529.754354	18.365854	0.005491	3.344620	199
6530.828471	18.299425	0.005471	3.344901	200
6531.848348	18.231335	0.005450	3.344983	201
6532.924502	18.269119	0.005461	3.345094	202
6533.940615	18.266829	0.005461	3.344854	203
6535.014619	18.277607	0.005464	3.344803	204
6536.038695	18.239887	0.005453	3.344664	205
6537.107280	18.343002	0.005484	3.344793	206
6538.127302	18.317577	0.005476	3.344881	207
6539.201272	18.291750	0.005468	3.345297	208
6540.221346	18.298292	0.005469	3.345870	209
6541.293484	18.277105	0.005464	3.344993	210
6542.311915	18.321863	0.005477	3.345155	211
6543.385868	18.299963	0.005470	3.345536	212
6544.406020	18.275394	0.005463	3.345239	213
6545.480399	18.245243	0.005454	3.345076	214
6546.499627	18.307304	0.005473	3.345138	215
6547.572175	18.297857	0.005470	3.345118	216
6548.594066	18.294582	0.005469	3.344850	217
6549.666320	18.356564	0.005488	3.344801	218
6550.686243	18.300903	0.005471	3.344835	219
6551.760352	18.292213	0.005468	3.345268	220
6552.778879	18.316381	0.005475	3.345361	221
6553.853856	18.274790	0.005463	3.345438	222
6554.871204	18.276306	0.005463	3.345173	223
6555.943343	18.329504	0.005480	3.344937	224
6556.965775	18.280897	0.005464	3.345942	225
6558.039986	18.356136	0.005488	3.344756	226
6559.058466	18.275126	0.005464	3.344766	227
6560.130469	18.283766	0.005466	3.344699	228
6561.152583	18.306149	0.005473	3.344575	229
6562.223181	18.268799	0.005462	3.344585	230
6563.242631	18.316257	0.005475	3.345560	231
6564.316612	18.296101	0.005469	3.345301	232
6565.338689	18.294353	0.005470	3.344776	233
6566.411232	18.313654	0.005476	3.344647	234
6567.431758	18.311600	0.005475	3.344888	235
6568.505087	18.304968	0.005472	3.344949	236
6569.522341	18.293465	0.005470	3.344288	237
6570.599212	18.231789	0.005449	3.345599	238
6571.617001	18.322338	0.005477	3.345193	239
6572.691552	18.287439	0.005468	3.344541	240
6573.708410	18.333162	0.005481	3.344923	241
6574.780422	18.315395	0.005475	3.345273	242
6575.802275	18.265722	0.005461	3.345010	243
6576.874470	18.287632	0.005467	3.344847	244
6577.894489	18.302008	0.005471	3.345427	245
6578.968441	18.292768	0.005469	3.344898	246
6579.986711	18.238588	0.005453	3.344627	247
6581.063200	18.275803	0.005464	3.344864	248
6582.079294	18.290197	0.005468	3.344845	249
6583.153227	18.312265	0.005475	3.344728	250
6584.173190	18.276527	0.005463	3.345327	251
6585.247126	18.314754	0.005475	3.345454	252
6586.265793	18.412971	0.005504	3.345371	253
6587.339823	18.294611	0.005469	3.345045	254
6588.361907	18.313656	0.005475	3.345010	255
6589.432426	18.326685	0.005478	3.345375	0
6590.452411	18.280764	0.005465	3.345115	1
6591.524531	18.341581	0.005484	3.344593	2
6592.544558	18.315216	0.005476	3.344585	3
6593.618548	18.286318	0.005467	3.344781	4
6594.638583	18.282192	0.005465	3.345322	5
6595.710704	18.327864	0.005479	3.345173	6
6596.731752	18.249922	0.005456	3.344771	7
6597.803682	18.369328	0.005492	3.344686	8
6598.823761	18.327538	0.005480	3.344546	9
6599.897733	18.294758	0.005470	3.344568	10
6600.917773	18.269707	0.005462	3.344724	11
6601.989848	18.270243	0.005462	3.344936	12
6603.014474	18.249140	0.005455	3.345377	13
6604.082584	18.296782	0.005469	3.345312	14
6605.104543	18.283495	0.005465	3.345295	15
6606.176495	18.275671	0.005464	3.344829	16
6607.196655	18.324530	0.005478	3.344965	17
6608.269149	18.291750	0.005469	3.344614	18
6609.289523	18.278809	0.005465	3.344719	19
6610.363566	18.295567	0.005469	3.345295	20
6611.382963	18.261951	0.005460	3.344900	21
6612.456113	18.276808	0.005464	3.344787	22
6613.474185	18.280870	0.005465	3.344831	23
6614.550271	18.362110	0.005489	3.345050	24
6615.568337	18.310459	0.005473	3.345313	25
6616.641865	18.308794	0.005474	3.344646	26
6617.660471	18.313070	0.005475	3.344789	27
6618.734394	18.291389	0.005468	3.345107	28
6619.754447	18.292074	0.005468	3.345140	29
6620.826565	18.293716	0.005469	3.345163	30
6621.846601	18.314974	0.005476	3.344730	31
6622.920527	18.297935	0.005471	3.344759	32
6623.938762	18.217327	0.005446	3.344964	33
6625.013280	18.272335	0.005462	3.345347	34
6626.035686	18.315517	0.005475	3.345534	35
6627.108622	18.295593	0.005470	3.344856	36
6628.129201	18.276745	0.005464	3.344889	37
6629.201192	18.304590	0.005472	3.345070	38
6630.221072	18.317375	0.005476	3.344990	39
6631.291740	18.342585	0.005484	3.344987	40
6632.312375	18.317204	0.005476	3.344959	41
6633.384377	18.283083	0.005466	3.344975	42
6634.404403	18.333502	0.005480	3.345304	43
6635.478387	18.308771	0.005474	3.344929	44
6636.500393	18.297646	0.005470	3.345220	45
6637.570988	18.296635	0.005470	3.345128	46
6638.590900	18.296730	0.005469	3.345747	47
6639.666971	18.308046	0.005472	3.345556	48
6640.683422	18.291059	0.005468	3.344845	49
6641.758005	18.277954	0.005465	3.344557	50
6642.780085	18.284157	0.005466	3.344771	51
6643.853026	18.318464	0.005477	3.344853	52
6644.870304	18.354404	0.005488	3.344424	53
6645.945671	18.324524	0.005478	3.344867	54
6646.961727	18.326704	0.005478	3.345340	55
6648.037223	18.269794	0.005462	3.344632	56
6649.056616	18.297821	0.005471	3.344743	57
6650.128568	18.327993	0.005479	3.345002	58
6651.148663	18.228703	0.005449	3.345049	59
6652.223169	18.275085	0.005463	3.345258	60
6653.243291	18.304094	0.005472	3.344768	61
6654.315967	18.285816	0.005467	3.345025	62
6655.335021	18.283403	0.005465	3.345289	63
6656.407709	18.346956	0.005484	3.345487	64
6657.427657	18.347223	0.005484	3.345703	65
6658.501534	18.295076	0.005468	3.345840	66
6659.525716	18.243692	0.005453	3.345515	67
6660.594118	18.212152	0.005444	3.345205	68
6661.614716	18.300783	0.005470	3.345534	69
6662.687300	18.324947	0.005478	3.344906	70
6663.707285	18.306675	0.005473	3.344671	71
6664.781375	18.380398	0.005495	3.344909	72
6665.799392	18.332260	0.005480	3.345083	73
6666.873367	18.298553	0.005470	3.345186	74
6667.893355	18.263384	0.005460	3.345016	75
6668.966406	18.320152	0.005477	3.344675	76
6669.986385	18.304808	0.005473	3.344682	77
6671.060485	18.335598	0.005481	3.345211	78
6672.081024	18.307426	0.005473	3.345241	79
6673.151629	18.327864	0.005480	3.344648	80
6674.173675	18.303654	0.005472	3.344845	81
6675.245481	18.325544	0.005478	3.345178	82
6676.265643	18.320116	0.005477	3.344976	83
6677.337689	18.320450	0.005476	3.345687	84
6678.361735	18.273142	0.005463	3.345098	85
6679.431573	18.284895	0.005466	3.345003	86
6680.452322	18.324726	0.005478	3.345104	87
6681.524655	18.284639	0.005466	3.345113	88
6682.544928	18.323881	0.005478	3.344728	89
6683.619469	18.330233	0.005480	3.345081	90
6684.637391	18.307043	0.005473	3.345231	91
6685.709984	18.318047	0.005476	3.345010	92
6686.732960	18.256447	0.005457	3.345402	93
6687.802960	18.311760	0.005474	3.345031	94
6688.825076	18.334248	0.005480	3.345570	95
6689.897601	18.326942	0.005480	3.344632	96
6690.916076	18.268864	0.005461	3.345053	97
6691.988788	18.289022	0.005466	3.345763	98
6693.008728	18.291315	0.005468	3.345082	99
6694.080898	18.281601	0.005466	3.344812	100
6695.104846	18.280273	0.005465	3.344949	101
6696.174848	18.247440	0.005456	3.344386	102
6697.192952	18.307560	0.005474	3.344670	103
6698.271519	18.312742	0.005475	3.344821	104
6699.290444	18.366346	0.005491	3.344866	105
6700.360427	18.358515	0.005488	3.345022	106
6701.381308	18.289459	0.005467	3.345160	107
6702.453528	18.296701	0.005469	3.345237	108
6703.475988	18.309420	0.005474	3.345091	109
6704.547772	18.312624	0.005474	3.345546	110
6705.566504	18.325678	0.005477	3.345640	111
6706.640435	18.295357	0.005470	3.344612	112
6707.663401	18.237288	0.005452	3.344960	113
6708.733064	18.337646	0.005483	3.344708	114
6709.752009	18.338724	0.005483	3.344721	115
6710.826040	18.322994	0.005477	3.345350	116
6711.846028	18.304228	0.005473	3.344549	117
6712.918155	18.320366	0.005477	3.344681	118
6713.938110	18.315002	0.005475	3.345028	119
6715.014138	18.317202	0.005476	3.345153	120
6716.035004	18.255651	0.005458	3.344913	121
6717.104120	18.297045	0.005470	3.344948	122
6718.124194	18.333635	0.005481	3.345182	123
6719.198696	18.279480	0.005465	3.344593	124
6720.218576	18.293308	0.005469	3.345029	125
6721.290785	18.364338	0.005489	3.345575	126
6722.313178	18.291374	0.005469	3.344724	127
6723.383372	18.307362	0.005474	3.344342	128
6724.403418	18.304928	0.005473	3.344503	129
6725.477382	18.314859	0.005476	3.344677	130
6726.497409	18.306103	0.005472	3.345140	131
6727.569577	18.339907	0.005483	3.345001	132
6728.589587	18.324961	0.005478	3.344957	133
6729.663417	18.300066	0.005471	3.345191	134
6730.685669	18.300659	0.005471	3.344758	135
6731.755996	18.304663	0.005472	3.344851	136
6732.776177	18.286467	0.005467	3.344916	137
6733.848272	18.328283	0.005479	3.345212	138
6734.869944	18.299122	0.005472	3.344390	139
6735.942760	18.303102	0.005472	3.344581	140
6736.962455	18.291033	0.005469	3.344608	141
6738.034863	18.355577	0.005488	3.344535	142
6739.056998	18.292965	0.005469	3.344641	143
6740.127913	18.338045	0.005482	3.344873	144
6741.147956	18.312904	0.005474	3.345598	145
6742.220833	18.321766	0.005477	3.345418	146
6743.240874	18.317905	0.005476	3.345293	147
6744.312987	18.338390	0.005482	3.345336	148
6745.333007	18.314293	0.005475	3.344801	149
6746.407050	18.339310	0.005482	3.345130	150
6747.427067	18.301966	0.005472	3.344867	151
6748.499983	18.300182	0.005471	3.344774	152
6749.522062	18.333836	0.005482	3.344624	153
6750.592562	18.358362	0.005489	3.344654	154
6751.612589	18.335764	0.005481	3.345068	155
6752.684598	18.254673	0.005457	3.344973	156
6753.706422	18.308140	0.005473	3.344944	157
6754.779278	18.358564	0.005489	3.344749	158
6755.799189	18.263525	0.005461	3.344471	159
6756.871809	18.323294	0.005479	3.344566	160
6757.891847	18.298071	0.005471	3.344724	161
6758.967913	18.311321	0.005474	3.344951	162
6759.984348	18.300552	0.005471	3.344928	163
6761.058423	18.300772	0.005471	3.345266	164
6762.076569	18.288900	0.005468	3.344662	165
6763.150523	18.309727	0.005474	3.345109	166
6764.171028	18.297800	0.005470	3.345211	167
6765.243593	18.348902	0.005486	3.344955	168
6766.266169	18.299164	0.005472	3.344447	169
6767.337084	18.329573	0.005479	3.345166	170
6768.357034	18.288185	0.005467	3.344986	171
6769.429143	18.348995	0.005486	3.344821	172
6770.451136	18.297020	0.005470	3.345090	173
6771.523073	18.292200	0.005469	3.344740	174
6772.543138	18.315945	0.005475	3.345189	175
6773.617703	18.328194	0.005479	3.345152	176
6774.634197	18.306574	0.005473	3.344642	177
6775.712997	18.343428	0.005484	3.344659	178
6776.724692	18.313484	0.005475	3.344886	179
6777.805319	18.325151	0.005478	3.344932	180
6778.821311	18.366772	0.005491	3.345154	181
6779.895209	18.278994	0.005465	3.345019	182
6780.913417	18.335537	0.005482	3.344442	183
6781.991437	18.267645	0.005462	3.344716	184
6783.009432	18.327257	0.005479	3.345116	185
6784.086034	18.282234	0.005465	3.345254	186
6785.100543	18.304745	0.005472	3.345206	187
6786.175122	18.322245	0.005477	3.345019	188
6787.193976	18.287537	0.005467	3.345171	189
6788.266060	18.323975	0.005478	3.345308	190
6789.286603	18.306898	0.005474	3.344625	191
6790.359574	18.331871	0.005481	3.344806	192
6791.382151	18.330376	0.005479	3.345329	193
6792.452953	18.301479	0.005471	3.345190	194
6793.471135	18.332861	0.005481	3.344906	195
6794.545113	18.307552	0.005473	3.345330	196
6795.565176	18.329185	0.005479	3.345279	197
6796.637921	18.309305	0.005474	3.345043	198
6797.661205	18.319349	0.005476	3.345335	199
6798.731705	18.292812	0.005468	3.345155	200
6799.753791	18.346025	0.005485	3.344641	201
6800.826749	18.353649	0.005487	3.344810	202
6801.842483	18.309799	0.005474	3.344586	203
6802.920814	18.269632	0.005462	3.344645	204
6803.938834	18.313913	0.005475	3.345002	205
6805.010751	18.303625	0.005471	3.345479	206
6806.032740	18.289259	0.005467	3.345129	207
6807.102980	18.320299	0.005477	3.344994	208
6808.122957	18.301207	0.005472	3.344603	209
6809.196982	18.303162	0.005471	3.345275	210
6810.216845	18.294615	0.005469	3.345241	211
6811.290463	18.303385	0.005472	3.344866	212
6812.311690	18.322809	0.005478	3.344586	213
6813.382235	18.341587	0.005484	3.344713	214
6814.406305	18.293320	0.005469	3.344673	215
6815.474783	18.293827	0.005470	3.344544	216
6816.496798	18.280313	0.005465	3.344821	217
6817.567351	18.335613	0.005482	3.344932	218
6818.589268	18.305725	0.005473	3.344622	219
6819.661911	18.291195	0.005469	3.344746	220
6820.683894	18.346474	0.005485	3.345021	221
6821.755990	18.289679	0.005468	3.344848	222
6822.774513	18.353508	0.005487	3.344790	223
6823.846481	18.351833	0.005486	3.344981	224
6824.868795	18.274134	0.005464	3.344666	225
6825.941131	18.348507	0.005486	3.344910	226
6826.961083	18.319008	0.005476	3.345396	227
6828.033079	18.319227	0.005475	3.345865	228
6829.054881	18.288204	0.005467	3.345321	229
6830.125676	18.361904	0.005490	3.344435	230
6831.147454	18.328199	0.005480	3.344764	231
6832.218299	18.348646	0.005485	3.345059	232
6833.242849	18.312923	0.005475	3.344805	233
6834.311778	18.313274	0.005476	3.344382	234
6835.335945	18.305529	0.005473	3.344489	235
6836.406518	18.324411	0.005479	3.344711	236
6837.426507	18.304167	0.005472	3.345063	237
6838.497505	18.332653	0.005481	3.345014	238
6839.519440	18.333097	0.005481	3.344943	239
6840.590424	18.330475	0.005479	3.345617	240
6841.612335	18.259293	0.005458	3.345434	241
6842.683352	18.340607	0.005483	3.344988	242
6843.705322	18.292032	0.005468	3.344985	243
6844.777300	18.296120	0.005470	3.344925	244
6845.797896	18.310184	0.005474	3.344944	245
6846.869933	18.318024	0.005477	3.344708	246
6847.892030	18.312395	0.005475	3.344860	247
6848.962511	18.299238	0.005471	3.344975	248
6849.984549	18.312500	0.005474	3.345101	249
6851.057142	18.365208	0.005489	3.345711	250
6852.076096	18.345917	0.005484	3.345541	251
6853.149216	18.276533	0.005464	3.344986	252
6854.170491	18.287325	0.005468	3.344705	253
6855.240747	18.322208	0.005478	3.344568	254
6856.264784	18.334000	0.005481	3.344718	255
6857.337330	18.323408	0.005478	3.344728	0
6858.355806	18.332848	0.005481	3.344590	1
6859.427822	18.294945	0.005469	3.344938	2
6860.453948	18.249794	0.005456	3.345122	3
6861.520423	18.310392	0.005473	3.345453	4
6862.544506	18.330084	0.005480	3.345189	5
6863.613438	18.378332	0.005495	3.344798	6
6864.635390	18.309446	0.005474	3.344712	7
6865.706376	18.322880	0.005478	3.344821	8
6866.730434	18.313154	0.005475	3.345069	9
6867.798988	18.347904	0.005485	3.345243	10
6868.823057	18.311657	0.005474	3.345484	11
6869.896454	18.273817	0.005463	3.345184	12
6870.913695	18.334518	0.005481	3.345116	13
6871.986086	18.346874	0.005485	3.345067	14
6873.008294	18.323690	0.005479	3.344639	15
6874.078793	18.299198	0.005471	3.344594	16
6875.098951	18.281736	0.005465	3.344951	17
6876.170865	18.275234	0.005463	3.345394	18
6877.192885	18.333679	0.005481	3.344893	19
6878.263569	18.276350	0.005464	3.344898	20
6879.285280	18.247297	0.005456	3.344724	21
6880.356680	18.286995	0.005467	3.344980	22
6881.380604	18.327271	0.005479	3.344832	23
6882.450488	18.306643	0.005473	3.344995	24
6883.471092	18.332886	0.005481	3.345073	25
6884.543113	18.323679	0.005478	3.344777	26
6885.565073	18.300737	0.005471	3.345292	27
6886.637096	18.333899	0.005482	3.344571	28
6887.659191	18.324535	0.005479	3.344636	29
6888.730060	18.323418	0.005478	3.345130	30
6889.750175	18.341717	0.005483	3.345407	31
6890.824220	18.339413	0.005482	3.345171	32
6891.844189	18.339664	0.005483	3.344714	33
6892.917179	18.336889	0.005482	3.345138	34
6893.936107	18.332615	0.005480	3.345456	35
6895.009623	18.317522	0.005476	3.345104	36
6896.030561	18.314327	0.005475	3.345018	37
6897.102599	18.310781	0.005475	3.344630	38
6898.123086	18.297525	0.005471	3.344450	39
6899.197239	18.321680	0.005477	3.345235	40
6900.215241	18.329395	0.005480	3.344760	41
6901.288121	18.314905	0.005476	3.344831	42
6902.310243	18.327477	0.005479	3.345135	43
6903.382797	18.329544	0.005479	3.345312	44
6904.401667	18.314503	0.005476	3.344704	45
6905.476636	18.269032	0.005462	3.344737	46
6906.493822	18.329605	0.005480	3.345085	47
6907.566358	18.318317	0.005476	3.345433	48
6908.590413	18.320461	0.005477	3.344921	49
6909.662453	18.331650	0.005481	3.344880	50
6910.680415	18.322834	0.005477	3.345451	51
6911.751962	18.303316	0.005472	3.345092	52
6912.774485	18.313786	0.005475	3.345011	53
6913.845071	18.307066	0.005473	3.345154	54
6914.867111	18.310362	0.005474	3.345106	55
6915.937253	18.326763	0.005479	3.345189	56
6916.963793	18.286650	0.005467	3.344939	57
6918.032375	18.323076	0.005479	3.344413	58
6919.052867	18.299265	0.005472	3.344378	59
6920.122978	18.332903	0.005482	3.344362	60
6921.149001	18.345409	0.005484	3.345205	61
6922.219000	18.305754	0.005472	3.345066	62
6923.238918	18.354103	0.005487	3.345125	63
6924.313778	18.270849	0.005462	3.345297	64
6925.330951	18.335348	0.005482	3.344905	65
6926.405040	18.309198	0.005474	3.344623	66
6927.425429	18.314510	0.005475	3.344825	67
6928.496033	18.306105	0.005473	3.344724	68
6929.520104	18.332497	0.005481	3.344958	69
6930.588964	18.255728	0.005457	3.345367	70
6931.610973	18.319046	0.005476	3.345290	71
6932.685035	18.292637	0.005468	3.345497	72
6933.709066	18.293930	0.005469	3.345192	73
6934.775430	18.257999	0.005458	3.345007	74
6935.799659	18.313589	0.005475	3.344960	75
6936.866197	18.329792	0.005480	3.344752	76
6937.893123	18.243486	0.005454	3.345118	77
6938.963566	18.284399	0.005465	3.345449	78
6939.984877	18.325270	0.005479	3.344786	79
6941.054702	18.267040	0.005462	3.344610	80
6942.078655	18.291924	0.005468	3.345063	81
6943.145509	18.323324	0.005478	3.344853	82
6944.169865	18.282059	0.005466	3.344506	83
6945.242972	18.321613	0.005478	3.344525	84
6946.263523	18.310505	0.005474	3.344959	85
6947.332488	18.291624	0.005468	3.345144	86
6948.357232	18.274708	0.005463	3.344962	87
6949.425002	18.316355	0.005475	3.345454	88
6950.447036	18.325687	0.005479	3.344662	89
6951.519032	18.308475	0.005474	3.344659	90
6952.541046	18.310261	0.005474	3.344844	91
6953.611147	18.348423	0.005486	3.344689	92
6954.633172	18.299400	0.005471	3.344669	93
6955.705087	18.329319	0.005480	3.344800	94
6956.729194	18.306253	0.005473	3.344729	95
6957.797166	18.281034	0.005465	3.344839	96
6958.819208	18.304081	0.005473	3.344522	97
6959.891243	18.321951	0.005478	3.344743	98
6960.912024	18.301327	0.005471	3.345178	99
6961.987953	18.285429	0.005466	3.345166	100
6963.004504	18.355749	0.005488	3.344874	101
6964.078563	18.358131	0.005488	3.345313	102
6965.098400	18.313498	0.005474	3.345295	103
6966.170570	18.265985	0.005461	3.345107	104
6967.192704	18.345963	0.005485	3.344841	105
6968.265256	18.323990	0.005479	3.344456	106
6969.283819	18.334843	0.005482	3.344527	107
6970.355796	18.345114	0.005485	3.344497	108
6971.375792	18.232246	0.005451	3.345003	109
6972.447841	18.332548	0.005480	3.345568	110
6973.469791	18.256163	0.005457	3.345398	111
6974.543915	18.311750	0.005475	3.344862	112
6975.563708	18.304840	0.005473	3.344476	113
6976.638500	18.308863	0.005474	3.344767	114
6977.656481	18.319216	0.005477	3.344634	115
6978.728339	18.317240	0.005477	3.344127	116
6979.748635	18.326212	0.005478	3.345218	117
6980.820640	18.334787	0.005481	3.345160	118
6981.844699	18.310802	0.005474	3.345186	119
6982.915187	18.341196	0.005483	3.345156	120
6983.936085	18.324350	0.005478	3.344802	121
6985.008648	18.310421	0.005473	3.345312	122
6986.031598	18.307747	0.005473	3.345338	123
6987.098098	18.318449	0.005476	3.345505	124
6988.122160	18.361422	0.005489	3.345265	125
6989.192148	18.354282	0.005487	3.344963	126
6990.214173	18.444942	0.005514	3.344943	127
6991.288241	18.372242	0.005492	3.345384	128
6992.306375	18.311134	0.005474	3.345410	129
6993.378802	18.359913	0.005489	3.345066	130
6994.403720	18.254299	0.005458	3.344546	131
6995.474203	18.296776	0.005470	3.344877	132
6996.493228	18.281296	0.005465	3.345104	133
6997.564341	18.366440	0.005490	3.345617	134
6998.585348	18.292711	0.005468	3.345407	135
6999.657351	18.341391	0.005483	3.345234	136
7000.681410	18.316883	0.005476	3.344954	137
7001.750020	18.300505	0.005471	3.344903	138
7002.774055	18.293331	0.005469	3.344914	139
7003.844590	18.323452	0.005478	3.345147	140
7004.865071	18.297079	0.005471	3.344488	141
7005.937031	18.298361	0.005471	3.344722	142
7006.962158	18.277088	0.005464	3.345083	143
7008.029761	18.286415	0.005466	3.345585	144
7009.051520	18.309711	0.005473	3.345274	145
7010.121780	18.323717	0.005478	3.344822	146
7011.145773	18.313763	0.005475	3.345018	147
7012.215841	18.365307	0.005491	3.344779	148
7013.237822	18.299688	0.005471	3.344667	149
7014.309932	18.363811	0.005491	3.344458	150
7015.330358	18.273182	0.005463	3.344905	151
7016.400531	18.356651	0.005488	3.345103	152
7017.424575	18.324308	0.005479	3.344383	153
7018.493543	18.335697	0.005482	3.344872	154
7019.516019	18.315229	0.005475	3.344950	155
7020.588447	18.314240	0.005474	3.345446	156
7021.609111	18.310177	0.005474	3.345045	157
7022.680077	18.337578	0.005482	3.344858	158
7023.701940	18.302624	0.005472	3.344624	159
7024.772207	18.347429	0.005485	3.344887	160
7025.795834	18.266062	0.005461	3.344811	161
7026.865925	18.310303	0.005474	3.345025	162
7027.889212	18.323454	0.005478	3.344969	163
7028.959322	18.352297	0.005486	3.345115	164
7029.980187	18.338135	0.005482	3.344970	165
7031.054213	18.328455	0.005480	3.344692	166
7032.076185	18.347357	0.005485	3.345052	167
7033.145599	18.281197	0.005465	3.345259	168
7034.166762	18.283073	0.005465	3.345337	169
7035.238649	18.265173	0.005461	3.344855	170
7036.260723	18.295858	0.005470	3.344986	171
7037.330828	18.312042	0.005474	3.345159	172
7038.352829	18.345972	0.005484	3.345058	173
7039.426840	18.293497	0.005469	3.345161	174
7040.445443	18.356670	0.005489	3.344394	175
7041.517377	18.296711	0.005471	3.344507	176
7042.541564	18.312572	0.005475	3.344682	177
7043.609513	18.342747	0.005484	3.344784	178
7044.631523	18.388109	0.005497	3.345174	179
7045.703455	18.316031	0.005476	3.345075	180
7046.725437	18.306536	0.005473	3.345008	181
7047.795594	18.309877	0.005474	3.344590	182
7048.817607	18.350161	0.005486	3.344790	183
7049.891984	18.300329	0.005471	3.344985	184
7050.910214	18.319067	0.005476	3.345261	185
7051.982208	18.312462	0.005474	3.345376	186
7053.004234	18.358992	0.005489	3.344865	187
7054.074331	18.339573	0.005483	3.344876	188
7055.098380	18.331942	0.005481	3.344933	189
7056.168949	18.373755	0.005493	3.345022	190
7057.189433	18.285858	0.005467	3.344783	191
7058.261472	18.317749	0.005477	3.344426	192
7059.283374	18.313345	0.005476	3.344341	193
7060.353613	18.328449	0.005480	3.344517	194
7061.375571	18.319859	0.005477	3.344626	195
7062.446171	18.365225	0.005490	3.344937	196
7063.468230	18.327349	0.005479	3.345090	197
7064.540197	18.293428	0.005469	3.344796	198
7065.559876	18.295816	0.005470	3.344702	199
7066.634069	18.294933	0.005470	3.344638	200
7067.656769	18.321903	0.005477	3.345016	201
7068.726820	18.324205	0.005478	3.345231	202
7069.747394	18.333878	0.005481	3.344875	203
7070.823408	18.258350	0.005459	3.344506	204
7071.840180	18.313251	0.005476	3.344459	205
7072.912293	18.317610	0.005476	3.345011	206
7073.936383	18.329861	0.005479	3.345240	207
7075.004911	18.343296	0.005484	3.344965	208
7076.026989	18.369696	0.005491	3.345319	209
7077.096867	18.300411	0.005470	3.345493	210
7078.121083	18.326630	0.005479	3.345164	211
7079.191431	18.282385	0.005466	3.344961	212
7080.212143	18.332386	0.005481	3.344695	213
7081.284136	18.299448	0.005471	3.344731	214
7082.305982	18.289839	0.005468	3.344720	215
7083.377971	18.259398	0.005459	3.344747	216
7084.399019	18.305576	0.005473	3.344622	217
7085.469332	18.340788	0.005484	3.344708	218
7086.489767	18.326143	0.005479	3.344535	219
7087.561854	18.342999	0.005484	3.344879	220
7088.587898	18.299509	0.005471	3.344867	221
7089.655881	18.319468	0.005477	3.344815	222
7090.682000	18.293106	0.005469	3.345052	223
7091.748499	18.341684	0.005483	3.344964	224
7092.770264	18.318905	0.005477	3.344420	225
7093.841051	18.347683	0.005486	3.344538	226
7094.863067	18.300510	0.005472	3.344633	227
7095.935075	18.332079	0.005481	3.344925	228
7096.958750	18.298073	0.005470	3.345298	229
7098.029188	18.326242	0.005479	3.344791	230
7099.047689	18.267328	0.005462	3.344473	231
7100.123806	18.307489	0.005474	3.344544	232
7101.143833	18.321920	0.005477	3.345057	233
7102.214583	18.296095	0.005469	3.345202	234
7103.234858	18.322172	0.005478	3.344778	235
7104.306861	18.320915	0.005477	3.344965	236
7105.330928	18.353106	0.005487	3.344997	237
7106.400952	18.319832	0.005477	3.344860	238
7107.420922	18.278639	0.005464	3.345019	239
7108.491115	18.308867	0.005474	3.344947	240
7109.517081	18.303587	0.005472	3.344724	241
7110.589659	18.290058	0.005468	3.344689	242
7111.607636	18.316233	0.005475	3.345318	243
7112.677681	18.347391	0.005485	3.344788	244
7113.701179	18.306145	0.005473	3.344542	245
7114.770668	18.323837	0.005479	3.344676	246
7115.796720	18.346195	0.005484	3.345283	247
7116.866734	18.344267	0.005483	3.345742	248
7117.886703	18.325069	0.005478	3.345475	249
7118.959302	18.317858	0.005476	3.344943	250
7119.979769	18.301880	0.005471	3.345496	251
7121.050301	18.333975	0.005480	3.345547	252
7122.072853	18.307131	0.005473	3.345090	253
7123.142994	18.343409	0.005484	3.344721	254
7124.168141	18.246153	0.005455	3.344965	255
7125.235135	18.300741	0.005471	3.345223	0
7126.259028	18.341444	0.005484	3.344801	1
7127.329680	18.298004	0.005471	3.344646	2
7128.353583	18.317190	0.005477	3.344626	3
7129.420961	18.296886	0.005471	3.344567	4
7130.442938	18.264257	0.005460	3.344986	5
7131.514846	18.329445	0.005479	3.345283	6
7132.538914	18.345932	0.005484	3.345143	7
7133.607490	18.339172	0.005483	3.344500	8
7134.629477	18.343039	0.005484	3.344589	9
7135.701863	18.315268	0.005476	3.344638	10
7136.723873	18.315168	0.005476	3.344631	11
7137.796613	18.331051	0.005481	3.344478	12
7138.815281	18.304998	0.005473	3.344717	13
7139.887168	18.337486	0.005482	3.345020	14
7140.911219	18.319361	0.005477	3.344563	15
7141.980142	18.301802	0.005472	3.344566	16
7143.000716	18.330286	0.005480	3.345009	17
7144.073236	18.310551	0.005474	3.344973	18
7145.095297	18.345648	0.005485	3.344935	19
7146.165896	18.335682	0.005482	3.344815	20
7147.188009	18.366753	0.005492	3.344491	21
7148.258560	18.355835	0.005488	3.344738	22
7149.282629	18.330582	0.005480	3.344809	23
7150.353598	18.317446	0.005477	3.344467	24
7151.374514	18.335966	0.005483	3.344180	25
7152.446631	18.328394	0.005480	3.344588	26
7153.466641	18.365181	0.005491	3.344762	27
7154.538962	18.318043	0.005476	3.344917	28
7155.559673	18.311874	0.005475	3.344689	29
7156.632011	18.305984	0.005473	3.344512	30
7157.654310	18.296703	0.005471	3.344452	31
7158.722798	18.259794	0.005460	3.344369	32
7159.744906	18.288568	0.005468	3.344677	33
7160.818725	18.320030	0.005477	3.344663	34
7161.838936	18.311680	0.005475	3.344821	35
7162.909821	18.285397	0.005466	3.345361	36
7163.931647	18.342113	0.005484	3.344609	37
7165.003598	18.300825	0.005471	3.344913	38
7166.027762	18.322105	0.005478	3.344571	39
7167.098309	18.301931	0.005472	3.344568	40
7168.118857	18.341970	0.005484	3.344524	41
7169.188745	18.245941	0.005455	3.344558	42
7170.210866	18.288712	0.005468	3.344909	43
7171.284961	18.299520	0.005470	3.345276	44
7172.304648	18.274723	0.005464	3.344807	45
7173.375000	18.310665	0.005474	3.345118	46
7174.397060	18.332064	0.005480	3.345112	47
7175.467631	18.327671	0.005479	3.344835	48
7176.490402	18.324926	0.005479	3.344632	49
7177.560622	18.351528	0.005486	3.344856	50
7178.582692	18.370363	0.005491	3.345398	51
7179.653266	18.362890	0.005489	3.345678	52
7180.678948	18.308788	0.005474	3.344938	53
7181.747675	18.335901	0.005482	3.344595	54
7182.771541	18.332905	0.005481	3.344508	55
7183.839886	18.355179	0.005488	3.344478	56
7184.861882	18.313990	0.005476	3.344562	57
7185.934526	18.336739	0.005481	3.345208	58
7186.957078	18.345623	0.005484	3.345141	59
7188.025076	18.330484	0.005480	3.344721	60
7189.048764	18.301836	0.005472	3.344832	61
7190.119822	18.299751	0.005470	3.345210	62
7191.142544	18.348042	0.005486	3.344669	63
7192.212403	18.309114	0.005474	3.344673	64
7193.234349	18.293364	0.005469	3.344682	65
7194.307140	18.296001	0.005470	3.344524	66
7195.329169	18.311554	0.005475	3.344284	67
7196.400111	18.309225	0.005474	3.345007	68
7197.420080	18.326796	0.005479	3.344903	69
7198.492485	18.358624	0.005488	3.345009	70
7199.512560	18.306654	0.005473	3.344602	71
7200.584502	18.306755	0.005473	3.344653	72
7201.604667	18.353033	0.005487	3.344703	73
7202.676678	18.371286	0.005492	3.345091	74
7203.698631	18.309717	0.005473	3.345649	75
7204.773626	18.289352	0.005467	3.345325	76
7205.792059	18.321545	0.005477	3.345140	77
7206.862332	18.359028	0.005489	3.344726	78
7207.884214	18.335470	0.005482	3.344560	79
7208.958254	18.290272	0.005469	3.344485	80
7209.977437	18.361439	0.005490	3.344760	81
7211.048800	18.338264	0.005482	3.344929	82
7212.070790	18.331335	0.005480	3.345271	83
7213.144847	18.324558	0.005478	3.344949	84
7214.165805	18.391153	0.005498	3.345313	85
7215.233878	18.314350	0.005474	3.345586	86
7216.257403	18.306082	0.005472	3.345142	87
7217.328272	18.307377	0.005474	3.344144	88
7218.350463	18.307858	0.005474	3.344714	89
7219.423806	18.326166	0.005478	3.345139	90
7220.442731	18.329838	0.005480	3.344944	91
7221.512761	18.344568	0.005485	3.344614	92
7222.534778	18.337328	0.005483	3.344645	93
7223.606836	18.345629	0.005485	3.344558	94
7224.632026	18.248058	0.005456	3.344451	95
7225.701456	18.341970	0.005483	3.345010	96
7226.721417	18.309662	0.005474	3.345114	97
7227.795535	18.315840	0.005476	3.344997	98
7228.814049	18.297276	0.005469	3.345386	99
7229.886042	18.279860	0.005465	3.345090	100
7230.906235	18.309248	0.005474	3.345071	101
7231.978226	18.366112	0.005491	3.344586	102
7233.000698	18.308182	0.005474	3.344762	103
7234.070877	18.308355	0.005474	3.344865	104
7235.092833	18.343710	0.005485	3.344522	105
7236.163423	18.292830	0.005469	3.344584	106
7237.185357	18.239916	0.005452	3.345316	107
7238.256401	18.286453	0.005467	3.344724	108
7239.278359	18.336172	0.005481	3.345121	109
7240.350397	18.346642	0.005485	3.345007	110
7241.372385	18.305960	0.005473	3.345055	111
7242.443075	18.317694	0.005476	3.345303	112
7243.465001	18.315882	0.005475	3.345124	113
7244.539182	18.376110	0.005493	3.345273	114
7245.557164	18.344093	0.005483	3.345451	115
7246.629268	18.372288	0.005493	3.344766	116
7247.653209	18.356901	0.005489	3.344360	117
7248.723734	18.379454	0.005495	3.344764	118
7249.743669	18.313898	0.005474	3.345476	119
7250.815783	18.369209	0.005491	3.345063	120
7251.837140	18.293953	0.005470	3.344621	121
7252.911841	18.334146	0.005482	3.344692	122
7253.930320	18.309452	0.005474	3.344664	123
7255.000855	18.315132	0.005475	3.345106	124
7256.025755	18.277342	0.005463	3.345650	125
7257.092998	18.304781	0.005473	3.344818	126
7258.112484	18.322042	0.005478	3.344500	127
7259.186272	18.222965	0.005449	3.344491	128
7260.208870	18.332565	0.005481	3.345052	129
7261.279831	18.364822	0.005490	3.345204	130
7262.302688	18.323879	0.005478	3.345209	131
7263.374818	18.347033	0.005485	3.345214	132
7264.397755	18.311417	0.005474	3.345386	133
7265.466642	18.323313	0.005477	3.345311	134
7266.486739	18.291759	0.005468	3.345120	135
7267.558779	18.310356	0.005475	3.344548	136
7268.580700	18.309345	0.005474	3.344698	137
7269.654714	18.354008	0.005487	3.345103	138
7270.675616	18.319757	0.005477	3.344765	139
7271.746497	18.320684	0.005478	3.344534	140
7272.766608	18.280054	0.005465	3.344822	141
7273.839490	18.330954	0.005481	3.344558	142
7274.859397	18.297611	0.005471	3.344672	143
7275.932165	18.293737	0.005469	3.344771	144
7276.952115	18.301767	0.005472	3.344522	145
7278.026772	18.380346	0.005496	3.344544	146
7279.047327	18.338028	0.005483	3.344334	147
7280.119866	18.338627	0.005483	3.344449	148
7281.141322	18.279222	0.005465	3.344480	149
7282.210242	18.312744	0.005476	3.344280	150
7283.230970	18.314041	0.005476	3.344387	151
7284.304827	18.355370	0.005488	3.344491	152
7285.324986	18.317944	0.005477	3.344629	153
7286.397611	18.323214	0.005478	3.344882	154
7287.419641	18.338919	0.005482	3.345103	155
7288.491529	18.347803	0.005485	3.345241	156
7289.509726	18.278561	0.005465	3.344668	157
7290.581664	18.320024	0.005477	3.344954	158
7291.603668	18.318867	0.005477	3.344803	159
7292.674651	18.359077	0.005488	3.345156	160
7293.698490	18.325254	0.005479	3.344643	161
7294.769052	18.315060	0.005476	3.344665	162
7295.789219	18.341120	0.005483	3.345066	163
7296.863277	18.320776	0.005477	3.345048	164
7297.883046	18.327118	0.005479	3.344886	165
7298.958548	18.317472	0.005475	3.345479	166
7299.977935	18.317566	0.005476	3.345279	167
7301.048869	18.354080	0.005487	3.345272	168
7302.069194	18.313658	0.005474	3.345811	169
7303.142381	18.286108	0.005467	3.344786	170
7304.163983	18.338652	0.005483	3.344805	171
7305.233823	18.297655	0.005470	3.344800	172
7306.255877	18.313326	0.005475	3.344792	173
7307.328106	18.322191	0.005477	3.345426	174
7308.346209	18.322891	0.005479	3.344439	175
7309.418194	18.343273	0.005485	3.344561	176
7310.442256	18.333700	0.005481	3.344891	177
7311.513009	18.305294	0.005473	3.344765	178
7312.535963	18.301807	0.005471	3.345071	179
7313.607067	18.303438	0.005472	3.345022	180
7314.627040	18.323830	0.005479	3.344399	181
7315.699259	18.333151	0.005481	3.344737	182
7316.719528	18.293741	0.005468	3.345325	183
7317.791550	18.274557	0.005463	3.345292	184
7318.811897	18.352657	0.005487	3.344824	185
7319.886836	18.345850	0.005485	3.344799	186
7320.905681	18.279757	0.005465	3.344849	187
7321.977823	18.363630	0.005491	3.344398	188
7322.997833	18.410156	0.005504	3.344785	189
7324.069815	18.322811	0.005478	3.344863	190
7325.093875	18.338503	0.005482	3.344934	191
7326.163803	18.319956	0.005477	3.345018	192
7327.183932	18.327988	0.005479	3.344860	193
7328.256290	18.269157	0.005462	3.344705	194
7329.279075	18.340284	0.005483	3.344919	195
7330.349028	18.338198	0.005481	3.345560	196
7331.369940	18.356249	0.005487	3.345673	197
7332.441979	18.316193	0.005476	3.344601	198
7333.466071	18.326904	0.005480	3.344490	199
7334.534566	18.309519	0.005474	3.344709	200
7335.556570	18.317017	0.005476	3.345255	201
7336.628543	18.331923	0.005480	3.345005	202
7337.652684	18.288372	0.005468	3.344609	203
7338.722703	18.322193	0.005478	3.344533	204
7339.745280	18.306374	0.005473	3.344632	205
7340.813782	18.323015	0.005478	3.344580	206
7341.834403	18.297781	0.005471	3.344340	207
7342.909934	18.320496	0.005477	3.344965	208
7343.928835	18.329834	0.005479	3.345646	209
7344.999665	18.319250	0.005476	3.345273	210
7346.023791	18.279232	0.005464	3.345139	211
7347.096385	18.315477	0.005476	3.344768	212
7348.116408	18.343597	0.005484	3.344728	213
7349.186923	18.347717	0.005486	3.344636	214
7350.206897	18.333565	0.005481	3.344985	215
7351.277864	18.358013	0.005489	3.344503	216
7352.302788	18.308868	0.005474	3.344828	217
7353.374517	18.323250	0.005478	3.344845	218
7354.392554	18.360172	0.005490	3.344443	219
7355.465355	18.278822	0.005465	3.344884	220
7356.485893	18.317657	0.005475	3.345724	221
7357.560030	18.346756	0.005484	3.345283	222
7358.580545	18.316828	0.005476	3.344874	223
7359.655116	18.285414	0.005466	3.345022	224
7360.671169	18.314695	0.005475	3.344945	225
7361.746111	18.389032	0.005497	3.345320	226
7362.766066	18.342554	0.005483	3.345198	227
7363.836977	18.303415	0.005472	3.344666	228
7364.857078	18.345575	0.005485	3.344570	229
7365.929144	18.326788	0.005480	3.344512	230
7366.953136	18.315243	0.005476	3.344736	231
7368.021761	18.304880	0.005473	3.344879	232
7369.043624	18.333334	0.005481	3.345122	233
7370.116158	18.358494	0.005488	3.344915	234
7371.136155	18.327810	0.005479	3.344969	235
7372.210113	18.354433	0.005487	3.345250	236
7373.234254	18.256302	0.005458	3.344642	237
7374.302246	18.323956	0.005479	3.344638	238
7375.324135	18.330292	0.005480	3.344978	239
7376.394348	18.337299	0.005482	3.344996	240
7377.416147	18.318182	0.005476	3.345019	241
7378.488251	18.303852	0.005473	3.344534	242
7379.508504	18.339722	0.005483	3.344762	243
7380.585508	18.259727	0.005459	3.345074	244
7381.602141	18.286976	0.005467	3.344863	245
7382.672037	18.323334	0.005478	3.344785	246
7383.694112	18.308073	0.005473	3.345132	247
7384.766548	18.290310	0.005468	3.344947	248
7385.788809	18.311897	0.005475	3.344899	249
7386.860741	18.261374	0.005459	3.345098	250
7387.879216	18.320259	0.005477	3.344743	251
7388.953215	18.301512	0.005471	3.345271	252
7389.973308	18.316139	0.005476	3.345008	253
7391.049419	18.289507	0.005467	3.345277	254
7392.065376	18.312855	0.005474	3.345193	255
7393.139480	18.330149	0.005479	3.345417	0
7394.159433	18.311972	0.005474	3.345384	1
7395.232006	18.302216	0.005472	3.344647	2
7396.254003	18.285429	0.005467	3.344743	3
7397.324226	18.347404	0.005485	3.345104	4
7398.348290	18.322340	0.005478	3.344993	5
7399.417252	18.341066	0.005483	3.344964	6
7400.441321	18.341049	0.005483	3.345069	7
7401.511860	18.345308	0.005484	3.345111	8
7402.530451	18.359894	0.005488	3.345418	9
7403.608467	18.295877	0.005469	3.345081	10
7404.622624	18.316965	0.005475	3.345489	11
7405.699416	18.283440	0.005466	3.344867	12
7406.716596	18.356812	0.005488	3.344614	13
7407.789140	18.342945	0.005484	3.344961	14
7408.809304	18.296822	0.005470	3.344647	15
7409.881789	18.359678	0.005489	3.345104	16
7410.904112	18.340420	0.005483	3.344911	17
7411.975706	18.246176	0.005454	3.345165	18
7412.997938	18.331425	0.005480	3.345293	19
7414.072490	18.300074	0.005471	3.344689	20
7415.091028	18.346144	0.005485	3.344793	21
7416.163928	18.265135	0.005461	3.344810	22
7417.182646	18.308578	0.005474	3.344948	23
7418.253468	18.341721	0.005484	3.344846	24
7419.275436	18.307716	0.005473	3.345089	25
7420.347471	18.302414	0.005471	3.345100	26
7421.369583	18.328176	0.005480	3.344841	27
7422.440496	18.344126	0.005485	3.344527	28
7423.463067	18.321867	0.005478	3.344690	29
7424.535648	18.312395	0.005475	3.344525	30
7425.553612	18.348381	0.005486	3.344595	31
7426.627459	18.313848	0.005476	3.344520	32
7427.648496	18.294054	0.005468	3.345615	33
7428.719687	18.363350	0.005489	3.345303	34
7429.739501	18.235750	0.005451	3.345096	35
7430.814259	18.333437	0.005481	3.344903	36
7431.834682	18.402382	0.005502	3.344691	37
7432.905361	18.353634	0.005487	3.344916	38
7433.925092	18.344013	0.005484	3.345231	39
7434.997878	18.302607	0.005471	3.345374	40
7436.019142	18.299326	0.005471	3.344942	41
7437.091464	18.344688	0.005485	3.344663	42
7438.111451	18.313620	0.005476	3.344478	43
7439.188043	18.346985	0.005486	3.344352	44
7440.207469	18.293308	0.005470	3.344476	45
7441.276107	18.339334	0.005483	3.344665	46
7442.300123	18.341394	0.005484	3.344597	47
7443.371008	18.305050	0.005473	3.344775	48
7444.391046	18.357435	0.005488	3.345008	49
7445.463965	18.284552	0.005467	3.344702	50
7446.484103	18.328053	0.005480	3.344764	51
7447.556475	18.295317	0.005470	3.344838	52
7448.577081	18.317942	0.005477	3.344634	53
7449.649127	18.330566	0.005480	3.344963	54
7450.673210	18.293346	0.005469	3.345123	55
7451.742084	18.356916	0.005487	3.345400	56
7452.765484	18.319292	0.005476	3.345362	57
7453.836630	18.399441	0.005500	3.345138	58
7454.856624	18.326643	0.005479	3.344842	59
7455.930877	18.364708	0.005489	3.345442	60
7456.949330	18.314878	0.005476	3.344826	61
7458.023370	18.309923	0.005474	3.344734	62
7459.041311	18.362019	0.005489	3.345049	63
7460.115259	18.303291	0.005472	3.344908	64
7461.135820	18.349863	0.005485	3.345303	65
7462.209944	18.381744	0.005495	3.345332	66
7463.223859	18.265932	0.005460	3.345260	67
7464.301245	18.301199	0.005472	3.344770	68
7465.319994	18.305145	0.005473	3.344744	69
7466.396032	18.329861	0.005479	3.345186	70
7467.413047	18.356976	0.005488	3.345200	71
7468.487489	18.362873	0.005490	3.344881	72
7469.507418	18.302778	0.005472	3.344847	73
7470.582212	18.308510	0.005474	3.344627	74
7471.599908	18.322893	0.005478	3.345018	75
7472.670469	18.357904	0.005489	3.344635	76
7473.694511	18.357361	0.005489	3.344676	77
7474.765243	18.297173	0.005470	3.344814	78
7475.784053	18.305834	0.005473	3.345032	79
7476.857946	18.328285	0.005479	3.344925	80
7477.879744	18.303337	0.005472	3.344992	81
7478.952502	18.331490	0.005480	3.345121	82
7479.972536	18.351803	0.005486	3.345063	83
7481.043098	18.372511	0.005492	3.345124	84
7482.063219	18.302046	0.005473	3.344285	85
7483.135794	18.309614	0.005473	3.345268	86
7484.158168	18.327499	0.005479	3.344777	87
7485.234284	18.337460	0.005482	3.345209	88
7486.250855	18.322191	0.005477	3.345085	89
7487.325310	18.334030	0.005481	3.344941	90
7488.342763	18.301796	0.005471	3.345003	91
7489.417427	18.359159	0.005489	3.344740	92
7490.434343	18.335390	0.005481	3.345097	93
7491.510870	18.324278	0.005479	3.344724	94
7492.528284	18.325228	0.005479	3.344865	95
7493.603541	18.355377	0.005487	3.345012	96
7494.620147	18.363131	0.005489	3.345479	97
7495.696117	18.329016	0.005478	3.345654	98
7496.714184	18.364283	0.005489	3.345645	99
7497.786270	18.278555	0.005464	3.345508	100
7498.810259	18.336348	0.005482	3.345049	101
7499.880813	18.346474	0.005485	3.345112	102
7500.900770	18.319777	0.005477	3.344855	103
7501.974757	18.301378	0.005472	3.344824	104
7502.991059	18.274099	0.005463	3.345284	105
7504.066888	18.323610	0.005479	3.344386	106
7505.090162	18.251137	0.005457	3.344347	107
7506.158950	18.369280	0.005492	3.344693	108
7507.178983	18.340908	0.005484	3.344563	109
7508.252929	18.314127	0.005475	3.344928	110
7509.275043	18.353172	0.005487	3.344804	111
7510.348037	18.341850	0.005484	3.344805	112
7511.366029	18.334686	0.005481	3.345163	113
7512.438183	18.311831	0.005474	3.345250	114
7513.458166	18.295488	0.005469	3.345129	115
7514.532126	18.303295	0.005473	3.344590	116
7515.554259	18.323759	0.005478	3.344965	117
7516.624779	18.331123	0.005481	3.344627	118
7517.644813	18.297903	0.005471	3.344579	119
7518.719377	18.327372	0.005480	3.344532	120
7519.737351	18.340633	0.005483	3.345128	121
7520.811963	18.354990	0.005486	3.345589	122
7521.829908	18.278933	0.005465	3.344823	123
7522.903907	18.314899	0.005475	3.344949	124
7523.923996	18.318430	0.005476	3.345183	125
7525.000890	18.276676	0.005464	3.344893	126
7526.016122	18.353212	0.005487	3.345114	127
7527.088195	18.361429	0.005489	3.344840	128
7528.110126	18.320240	0.005477	3.344875	129
7529.182664	18.326033	0.005479	3.344790	130
7530.203069	18.322680	0.005479	3.344432	131
7531.275775	18.290819	0.005469	3.344438	132
7532.300156	18.289648	0.005468	3.345129	133
7533.367362	18.342962	0.005483	3.345596	134
7534.389153	18.318171	0.005477	3.344762	135
7535.461320	18.342054	0.005484	3.344874	136
7536.481332	18.368452	0.005491	3.344963	137
7537.555295	18.330097	0.005481	3.344483	138
7538.573895	18.331173	0.005481	3.344355	139
7539.647941	18.352123	0.005487	3.344451	140
7540.666001	18.330996	0.005481	3.344344	141
7541.744890	18.261480	0.005460	3.344504	142
7542.762572	18.313890	0.005475	3.344738	143
7543.832597	18.338892	0.005482	3.344995	144
7544.852662	18.402697	0.005501	3.345379	145
7545.927167	18.307737	0.005473	3.344881	146
7546.945781	18.320488	0.005478	3.344536	147
7548.018828	18.337999	0.005483	3.344697	148
7549.042867	18.291967	0.005469	3.344616	149
7550.112826	18.336493	0.005482	3.344649	150
7551.132892	18.347210	0.005485	3.345220	151
7552.218155	18.326422	0.005478	3.345267	152
7553.228011	18.310616	0.005473	3.345472	153
7554.298051	18.345980	0.005484	3.345233	154
7555.318017	18.329475	0.005480	3.344997	155
7556.392841	18.301115	0.005471	3.344988	156
7557.409884	18.342890	0.005483	3.345107	157
7558.484500	18.316772	0.005475	3.345346	158
7559.507921	18.278996	0.005464	3.345090	159
7560.577969	18.319315	0.005477	3.344971	160
7561.596025	18.360445	0.005489	3.344936	161
7562.670804	18.311022	0.005475	3.344355	162
7563.690036	18.320568	0.005477	3.344864	163
7564.764100	18.365986	0.005490	3.345249	164
7565.782092	18.310085	0.005475	3.344352	165
7566.858021	18.308340	0.005474	3.344504	166
7567.875938	18.352774	0.005487	3.344483	167
7568.950139	18.324909	0.005479	3.344618	168
7569.967952	18.282305	0.005467	3.344426	169
7571.044072	18.294756	0.005470	3.344725	170
7572.062088	18.303682	0.005472	3.345153	171
7573.138262	18.343222	0.005483	3.345487	172
7574.154817	18.303173	0.005471	3.345407	173
7575.228845	18.326694	0.005478	3.345522	174
7576.246866	18.361891	0.005490	3.344459	175
7577.322786	18.284992	0.005467	3.344505	176
7578.343049	18.365314	0.005491	3.344738	177
7579.413562	18.353165	0.005487	3.345078	178
7580.433593	18.350609	0.005486	3.345180	179
7581.507542	18.348412	0.005485	3.345001	180
7582.527574	18.334341	0.005480	3.345711	181
7583.599660	18.344154	0.005483	3.345468	182
7584.619615	18.351706	0.005486	3.345164	183
7585.692624	18.317268	0.005476	3.345111	184
7586.714622	18.349680	0.005485	3.345167	185
7587.787060	18.309263	0.005474	3.344900	186
7588.806118	18.326109	0.005479	3.344647	187
7589.880704	18.330641	0.005481	3.344398	188
7590.899270	18.344694	0.005485	3.344772	189
7591.978666	18.347771	0.005485	3.344944	190
7592.992492	18.326174	0.005479	3.344951	191
7594.065280	18.360731	0.005489	3.345295	192
7595.083300	18.318752	0.005476	3.345556	193
7596.157317	18.342482	0.005484	3.344979	194
7597.179410	18.342873	0.005484	3.344732	195
7598.254004	18.318697	0.005477	3.344771	196
7599.276956	18.312813	0.005475	3.345012	197
7600.344007	18.313358	0.005475	3.345074	198
7601.366141	18.324455	0.005478	3.345325	199
7602.436641	18.354120	0.005488	3.344691	200
7603.456646	18.346376	0.005485	3.344970	201
7604.532217	18.332031	0.005480	3.345382	202
7605.548851	18.307602	0.005474	3.344770	203
7606.624793	18.331396	0.005480	3.345374	204
7607.642721	18.326094	0.005478	3.345262	205
7608.717189	18.372149	0.005492	3.344956	206
7609.735357	18.357510	0.005489	3.344644	207
7610.809734	18.335457	0.005481	3.345120	208
7611.827895	18.355379	0.005487	3.345120	209
7612.901883	18.323294	0.005478	3.345021	210
7613.921907	18.317549	0.005476	3.345276	211
7614.996751	18.328375	0.005480	3.344861	212
7616.017959	18.318554	0.005476	3.345141	213
7617.088065	18.308237	0.005473	3.345092	214
7618.108100	18.301535	0.005472	3.344750	215
7619.180212	18.347073	0.005485	3.344951	216
7620.200256	18.331884	0.005481	3.344690	217
7621.274224	18.325441	0.005478	3.345023	218
7622.294429	18.314373	0.005475	3.345222	219
7623.369778	18.331665	0.005481	3.344715	220
7624.388683	18.327965	0.005479	3.345203	221
7625.460590	18.324125	0.005477	3.345438	222
7626.482749	18.310024	0.005473	3.345315	223
7627.551312	18.351355	0.005486	3.344937	224
7628.573280	18.318291	0.005477	3.344751	225
7629.649362	18.376410	0.005494	3.344550	226
7630.665320	18.362444	0.005490	3.344927	227
7631.739252	18.319271	0.005477	3.344952	228
7632.757527	18.308254	0.005474	3.344651	229
7633.831417	18.280230	0.005466	3.344383	230
7634.851481	18.368999	0.005492	3.344485	231
7635.927571	18.346378	0.005485	3.344533	232
7636.944067	18.367197	0.005491	3.345210	233
7638.018065	18.328306	0.005479	3.345205	234
7639.037897	18.349043	0.005486	3.344900	235
7640.110672	18.299156	0.005472	3.344283	236
7641.134772	18.310783	0.005475	3.344680	237
7642.206803	18.355162	0.005487	3.344988	238
7643.222789	18.334835	0.005481	3.345142	239
7644.298857	18.344566	0.005484	3.345176	240
7645.317394	18.350998	0.005485	3.345462	241
7646.389377	18.339699	0.005483	3.345126	242
7647.411456	18.315857	0.005476	3.345000	243
7648.481917	18.266401	0.005461	3.344928	244
7649.504910	18.332159	0.005481	3.344762	245
7650.578923	18.451300	0.005517	3.344553	246
7651.594920	18.351171	0.005487	3.344645	247
7652.669306	18.328859	0.005480	3.344522	248
7653.687412	18.328619	0.005480	3.344846	249
7654.760497	18.374466	0.005494	3.344693	250
7655.780509	18.343805	0.005484	3.344766	251
7656.854803	18.305550	0.005473	3.344715	252
7657.873608	18.333260	0.005481	3.344735	253
7658.947614	18.344360	0.005484	3.345057	254
7659.967605	18.324411	0.005479	3.344743	255
7661.041696	18.483418	0.005526	3.345098	0
7662.060439	18.321087	0.005477	3.345300	1
7663.132668	18.298998	0.005471	3.345029	2
7664.155190	18.352652	0.005487	3.345050	3
7665.228181	18.354572	0.005488	3.344633	4
7666.246528	18.317400	0.005476	3.345141	5
7667.318720	18.361452	0.005489	3.345384	6
7668.341617	18.288395	0.005467	3.345020	7
7669.416442	18.288042	0.005467	3.344933	8
7670.430678	18.300362	0.005471	3.344763	9
7671.506380	18.325548	0.005479	3.344762	10
7672.529225	18.294468	0.005470	3.344710	11
7673.599238	18.349770	0.005487	3.344503	12
7674.617792	18.322453	0.005478	3.344829	13
7675.689864	18.342165	0.005484	3.344554	14
7676.711757	18.301607	0.005471	3.345105	15
7677.782485	18.300615	0.005470	3.345384	16
7678.804527	18.342552	0.005484	3.344765	17
7679.876515	18.339960	0.005483	3.344946	18
7680.900633	18.333115	0.005481	3.344795	19
7681.969906	18.304319	0.005473	3.344490	20
7682.991001	18.332808	0.005481	3.345026	21
7684.063065	18.315948	0.005475	3.345217	22
7685.087267	18.276674	0.005464	3.344730	23
7686.155299	18.339918	0.005483	3.344901	24
7687.176953	18.266708	0.005462	3.344555	25
7688.248290	18.354424	0.005487	3.345059	26
7689.268331	18.374136	0.005493	3.345021	27
7690.342313	18.281115	0.005466	3.344740	28
7691.362752	18.322739	0.005478	3.344492	29
7692.437016	18.370867	0.005493	3.344534	30
7693.454997	18.315554	0.005476	3.344755	31
7694.527068	18.313707	0.005474	3.345642	32
7695.547124	18.308891	0.005474	3.344599	33
7696.621179	18.317913	0.005477	3.344618	34
7697.641117	18.298855	0.005470	3.345105	35
7698.713281	18.357292	0.005489	3.344512	36
7699.733256	18.343781	0.005484	3.344686	37
7700.809361	18.330580	0.005480	3.344912	38
7701.825443	18.314411	0.005476	3.344644	39
7702.901186	18.318680	0.005477	3.344812	40
7703.918434	18.311676	0.005475	3.344875	41
7704.992719	18.315947	0.005476	3.344643	42
7706.012864	18.332340	0.005480	3.345022	43
7707.086802	18.313622	0.005475	3.345019	44
7708.105072	18.392662	0.005499	3.344854	45
7709.179032	18.317873	0.005477	3.344415	46
7710.198364	18.268097	0.005462	3.344549	47
7711.271722	18.329338	0.005480	3.344609	48
7712.291690	18.299017	0.005471	3.344718	49
7713.365751	18.309916	0.005474	3.344873	50
7714.386752	18.300631	0.005471	3.345327	51
7715.459964	18.330818	0.005480	3.345128	52
7716.476315	18.311327	0.005475	3.344573	53
7717.553955	18.325829	0.005478	3.345256	54
7718.569111	18.371555	0.005492	3.345269	55
7719.645111	18.480261	0.005525	3.344806	56
7720.663576	18.317966	0.005477	3.344600	57
7721.739664	18.332527	0.005481	3.344666	58
7722.758216	18.346354	0.005485	3.344690	59
7723.830490	18.344145	0.005483	3.345363	60
7724.849162	18.340651	0.005483	3.344861	61
7725.923053	18.303635	0.005473	3.344516	62
7726.942207	18.286964	0.005468	3.344584	63
7728.015463	18.254234	0.005458	3.344773	64
7729.035263	18.330008	0.005480	3.344699	65
7730.111375	18.339998	0.005483	3.344764	66
7731.127888	18.365526	0.005491	3.344689	67
7732.201919	18.326956	0.005479	3.345088	68
7733.220128	18.298754	0.005471	3.344860	69
7734.296588	18.344776	0.005484	3.345343	70
7735.314536	18.317373	0.005475	3.345336	71
7736.388465	18.316620	0.005476	3.344820	72
7737.409167	18.335302	0.005482	3.344892	73
7738.479723	18.336641	0.005482	3.344828	74
7739.501677	18.343138	0.005484	3.344937	75
7740.573703	18.344563	0.005485	3.344715	76
7741.593690	18.321957	0.005477	3.344961	77
7742.665833	18.376902	0.005494	3.344791	78
7743.685862	18.345049	0.005485	3.344847	79
7744.761906	18.339922	0.005482	3.345215	80
7745.779642	18.314823	0.005475	3.345298	81
7746.855511	18.270748	0.005463	3.344693	82
7747.872398	18.316435	0.005476	3.344727	83
7748.944492	18.345663	0.005485	3.344570	84
7749.964542	18.344423	0.005485	3.344598	85
7751.038529	18.358963	0.005488	3.344990	86
7752.058603	18.362772	0.005489	3.345257	87
7753.132467	18.324600	0.005478	3.345048	88
7754.153211	18.349506	0.005486	3.344811	89
7755.223205	18.345850	0.005486	3.344404	90
7756.244907	18.302633	0.005472	3.344490	91
7757.315888	18.312786	0.005475	3.344748	92
7758.337781	18.313829	0.005476	3.344602	93
7759.411928	18.336088	0.005482	3.344862	94
7760.430420	18.327814	0.005479	3.345240	95
7761.502888	18.276798	0.005465	3.344628	96
7762.523560	18.328009	0.005480	3.344691	97
7763.596466	18.327560	0.005480	3.344750	98
7764.618563	18.281317	0.005465	3.345102	99
7765.693146	18.300919	0.005472	3.344572	100
7766.713726	18.281246	0.005466	3.344677	101
7767.779707	18.320581	0.005477	3.344867	102
7768.801725	18.376371	0.005494	3.344970	103
7769.874709	18.345453	0.005484	3.345115	104
7770.894759	18.349115	0.005486	3.344535	105
7771.970828	18.345045	0.005484	3.344901	106
7772.989402	18.350620	0.005486	3.345182	107
7774.059450	18.296749	0.005470	3.345197	108
7775.081265	18.293398	0.005469	3.345224	109
7776.153940	18.329964	0.005480	3.344642	110
7777.174001	18.313673	0.005475	3.344801	111
7778.246099	18.322451	0.005477	3.345127	112
7779.268105	18.338175	0.005482	3.345378	113
7780.340531	18.427109	0.005508	3.345370	114
7781.359107	18.347845	0.005484	3.345595	115
7782.433167	18.315699	0.005475	3.345139	116
7783.455258	18.345385	0.005483	3.345617	117
7784.525743	18.348854	0.005485	3.345471	118
7785.546698	18.353655	0.005487	3.344924	119
7786.621143	18.330297	0.005480	3.344654	120
7787.639290	18.354712	0.005487	3.344825	121
7788.711323	18.334812	0.005482	3.344564	122
7789.733350	18.353050	0.005487	3.344641	123
7790.805232	18.315920	0.005476	3.344963	124
7791.825310	18.323544	0.005478	3.344888	125
7792.897426	18.308456	0.005474	3.344747	126
7793.917389	18.361666	0.005490	3.344607	127
7794.995419	18.281771	0.005466	3.344692	128
7796.009932	18.334959	0.005482	3.344553	129
7797.081941	18.325994	0.005479	3.344481	130
7798.105288	18.321127	0.005478	3.344718	131
7799.178069	18.317316	0.005476	3.345256	132
7800.197841	18.338100	0.005483	3.344840	133
7801.268587	18.324205	0.005479	3.344435	134
7802.290040	18.319363	0.005477	3.344546	135
7803.364021	18.392603	0.005499	3.344676	136
7804.384040	18.320707	0.005477	3.344776	137
7805.454085	18.328335	0.005479	3.345021	138
7806.476958	18.325630	0.005477	3.345664	139
7807.547012	18.337984	0.005482	3.345170	140
7808.568780	18.298843	0.005471	3.344432	141
7809.641127	18.379620	0.005495	3.344746	142
7810.663093	18.324446	0.005478	3.345166	143
7811.735203	18.350777	0.005486	3.345200	144
7812.755537	18.236586	0.005452	3.344749	145
7813.826718	18.354383	0.005487	3.345306	146
7814.848723	18.321926	0.005477	3.345318	147
7815.918369	18.319273	0.005476	3.345228	148
7816.943680	18.344912	0.005484	3.345319	149
7818.012189	18.363834	0.005491	3.344565	150
7819.034391	18.238874	0.005454	3.344403	151
7820.104714	18.352741	0.005487	3.344623	152
7821.128763	18.328037	0.005480	3.344604	153
7822.199179	18.311756	0.005475	3.344489	154
7823.221868	18.331404	0.005481	3.344543	155
7824.294441	18.338011	0.005482	3.344904	156
7825.314988	18.354099	0.005487	3.344832	157
7826.385935	18.354713	0.005488	3.344820	158
7827.412861	18.308578	0.005474	3.344819	159
7828.478953	18.341742	0.005483	3.345147	160
7829.499007	18.360245	0.005488	3.345374	161
7830.570777	18.313793	0.005475	3.344715	162
7831.592865	18.303234	0.005472	3.344920	163
7832.663529	18.318384	0.005476	3.345245	164
7833.685548	18.335632	0.005482	3.344703	165
7834.757700	18.345970	0.005485	3.344761	166
7835.779741	18.324234	0.005478	3.345025	167
7836.849571	18.314184	0.005475	3.345100	168
7837.869857	18.307175	0.005473	3.344914	169
7838.946608	18.280018	0.005464	3.345342	170
7839.965587	18.260672	0.005459	3.345094	171
7841.037869	18.324001	0.005478	3.344944	172
7842.055877	18.377813	0.005494	3.345086	173
7843.129659	18.269684	0.005463	3.344481	174
7844.153960	18.300919	0.005471	3.344822	175
7845.226892	18.314920	0.005476	3.344775	176
7846.241448	18.389332	0.005498	3.344965	177
7847.315299	18.384365	0.005496	3.345253	178
7848.337456	18.344032	0.005484	3.344938	179
7849.410440	18.329273	0.005480	3.345008	180
7850.428938	18.339607	0.005482	3.345191	181
7851.500299	18.339531	0.005483	3.344960	182
7852.521837	18.337364	0.005482	3.344835	183
7853.592550	18.326717	0.005478	3.345407	184
7854.614488	18.319416	0.005477	3.344951	185
7855.689525	18.306501	0.005473	3.345029	186
7856.707947	18.310987	0.005475	3.344571	187
7857.778638	18.327805	0.005480	3.344546	188
7858.800609	18.314615	0.005476	3.344752	189
7859.872647	18.336210	0.005482	3.345008	190
7860.893233	18.374302	0.005493	3.344798	191
7861.965762	18.317024	0.005477	3.344412	192
7862.986273	18.304850	0.005473	3.344505	193
7864.059239	18.327108	0.005479	3.344689	194
7865.081308	18.342916	0.005484	3.344529	195
7866.153877	18.359631	0.005489	3.344550	196
7867.173960	18.317705	0.005477	3.344331	197
7868.243966	18.322140	0.005476	3.345595	198
7869.265799	18.304430	0.005472	3.345258	199
7870.337895	18.335398	0.005482	3.344882	200
7871.357974	18.347858	0.005486	3.344619	201
7872.431997	18.331873	0.005480	3.345288	202
7873.450594	18.347179	0.005486	3.344328	203
7874.522588	18.311987	0.005475	3.344445	204
7875.544615	18.364286	0.005491	3.344609	205
7876.615193	18.351999	0.005487	3.344623	206
7877.637156	18.353830	0.005487	3.344757	207
7878.708131	18.352739	0.005486	3.345125	208
7879.733529	18.322790	0.005477	3.345535	209
7880.802644	18.323935	0.005478	3.344878	210
7881.826797	18.414230	0.005505	3.344706	211
7882.894746	18.318254	0.005477	3.344772	212
7883.919304	18.330280	0.005480	3.345030	213
7884.990256	18.319347	0.005477	3.344939	214
7886.005960	18.317253	0.005476	3.344795	215
7887.080839	18.288578	0.005468	3.344776	216
7888.106941	18.266331	0.005462	3.344415	217
7889.173461	18.350740	0.005487	3.344534	218
7890.199553	18.293095	0.005469	3.344790	219
7891.267423	18.306053	0.005473	3.344914	220
7892.289321	18.366796	0.005490	3.345396	221
7893.359572	18.354219	0.005488	3.344698	222
7894.379684	18.359730	0.005489	3.344562	223
7895.455681	18.330490	0.005481	3.344630	224
7896.477470	18.310366	0.005474	3.344842	225
7897.546015	18.317430	0.005476	3.344800	226
7898.566657	18.396248	0.005501	3.344433	227
7899.638634	18.318024	0.005477	3.344346	228
7900.662725	18.339596	0.005483	3.344972	229
7901.735821	18.273926	0.005463	3.344927	230
7902.753525	18.322151	0.005478	3.344525	231
7903.825332	18.346920	0.005485	3.344848	232
7904.846646	18.338615	0.005483	3.344696	233
7905.918552	18.331646	0.005481	3.344527	234
7906.939173	18.341707	0.005484	3.344790	235
7908.011249	18.325228	0.005478	3.345060	236
7909.029270	18.268980	0.005462	3.344841	237
7910.103436	18.303556	0.005472	3.344946	238
7911.125460	18.364889	0.005490	3.345351	239
7912.196634	18.272692	0.005462	3.345249	240
7913.219987	18.355045	0.005488	3.344605	241
7914.290439	18.395382	0.005501	3.344286	242
7915.310542	18.308672	0.005475	3.344310	243
7916.386608	18.312044	0.005475	3.344785	244
7917.402636	18.302593	0.005471	3.345258	245
7918.478682	18.316629	0.005475	3.345276	246
7919.499254	18.335247	0.005481	3.345395	247
7920.569677	18.328968	0.005479	3.345353	248
7921.589826	18.344664	0.005485	3.344723	249
7922.662258	18.328928	0.005480	3.344745	250
7923.682924	18.335169	0.005482	3.344791	251
7924.754946	18.329065	0.005480	3.344857	252
7925.774962	18.310333	0.005475	3.344571	253
7926.847112	18.343872	0.005484	3.345022	254
7927.871132	18.316788	0.005476	3.345224	255
7928.943159	18.332684	0.005481	3.344717	0
7929.961121	18.295015	0.005470	3.344686	1
7931.033154	18.315063	0.005475	3.345050	2
7932.055157	18.341778	0.005484	3.344840	3
7933.127105	18.325470	0.005479	3.344525	4
7934.147312	18.307901	0.005473	3.344830	5
7935.219868	18.349537	0.005485	3.345239	6
7936.240416	18.326700	0.005479	3.344826	7
7937.312963	18.309736	0.005474	3.344792	8
7938.333604	18.381781	0.005495	3.345102	9
7939.407639	18.347645	0.005486	3.344704	10
7940.426719	18.278231	0.005465	3.344326	11
7941.503606	18.267092	0.005461	3.344799	12
7942.520154	18.310450	0.005474	3.345133	13
7943.590677	18.355444	0.005487	3.345294	14
7944.612623	18.343189	0.005483	3.345433	15
7945.684685	18.331236	0.005480	3.345096	16
7946.706092	18.322994	0.005478	3.344826	17
7947.776805	18.310549	0.005475	3.344382	18
7948.798848	18.305288	0.005473	3.344472	19
7949.868990	18.310787	0.005474	3.344891	20
7950.890982	18.317291	0.005476	3.345305	21
7951.962949	18.327211	0.005480	3.344648	22
7952.984912	18.329193	0.005480	3.344983	23
7954.055903	18.331793	0.005481	3.344576	24
7955.080471	18.343630	0.005483	3.345367	25
7956.148436	18.335478	0.005481	3.345226	26
7957.170340	18.285301	0.005468	3.344269	27
7958.241060	18.362267	0.005490	3.344538	28
7959.263077	18.359606	0.005490	3.344480	29
7960.335048	18.256662	0.005459	3.344545	30
7961.357098	18.311455	0.005474	3.345062	31
7962.427227	18.353518	0.005486	3.345602	32
7963.447247	18.300972	0.005471	3.345254	33
7964.519829	18.339128	0.005483	3.344546	34
7965.541870	18.348297	0.005486	3.344726	35
7966.616704	18.298502	0.005470	3.345187	36
7967.637985	18.337828	0.005482	3.344827	37
7968.707353	18.305147	0.005473	3.344868	38
7969.727927	18.360186	0.005489	3.344753	39
7970.799865	18.320732	0.005477	3.344915	40
7971.822883	18.336500	0.005481	3.345435	41
7972.892867	18.368706	0.005491	3.345134	42
7973.916928	18.330715	0.005480	3.344720	43
7974.985836	18.298733	0.005470	3.345013	44
7976.007824	18.320011	0.005477	3.345093	45
7977.082798	18.283075	0.005466	3.345126	46
7978.097985	18.359310	0.005489	3.345042	47
7979.174318	18.318640	0.005477	3.344923	48
7980.195036	18.341618	0.005483	3.345184	49
7981.265009	18.334806	0.005480	3.345705	50
7982.287093	18.358177	0.005488	3.344900	51
7983.359429	18.326561	0.005480	3.344529	52
7984.377713	18.368286	0.005492	3.344701	53
7985.456246	18.360924	0.005489	3.344753	54
7986.468725	18.344765	0.005485	3.344612	55
7987.545701	18.370335	0.005492	3.345053	56
7988.561777	18.336681	0.005482	3.344781	57
7989.639826	18.335108	0.005482	3.344564	58
7990.655696	18.303619	0.005472	3.344763	59
7991.733882	18.349512	0.005485	3.345342	60
7992.748769	18.341002	0.005484	3.344655	61
7993.825720	18.347895	0.005485	3.345074	62
7994.840673	18.326050	0.005478	3.345096	63
7995.918663	18.332142	0.005480	3.345245	64
7996.936796	18.352987	0.005487	3.345116	65
7998.011281	18.362215	0.005490	3.344583	66
7999.027770	18.317652	0.005477	3.344700	67
8000.104327	18.352133	0.005486	3.345306	68
8001.120314	18.346149	0.005484	3.345253	69
8002.197814	18.318974	0.005477	3.344606	70
8003.212417	18.348593	0.005486	3.344893	71
8004.290395	18.291040	0.005468	3.344891	72
8005.305432	18.383934	0.005496	3.345240	73
8006.385275	18.333519	0.005481	3.345085	74
8007.401445	18.327763	0.005479	3.345030	75
8008.478002	18.346140	0.005485	3.344727	76
8009.491982	18.333805	0.005481	3.344824	77
8010.568000	18.324629	0.005478	3.345227	78
8011.590081	18.347975	0.005485	3.344981	79
8012.658678	18.357660	0.005488	3.344779	80
8013.678723	18.339861	0.005483	3.344901	81
8014.754698	18.352810	0.005487	3.344884	82
8015.774437	18.269810	0.005462	3.344933	83
8016.845138	18.323151	0.005478	3.344751	84
8017.867101	18.321634	0.005478	3.344848	85
8018.938207	18.373455	0.005493	3.345016	86
8019.960173	18.301405	0.005472	3.344601	87
8021.030826	18.337873	0.005483	3.344474	88
8022.052789	18.313656	0.005475	3.344955	89
8023.124821	18.307735	0.005474	3.344540	90
8024.146900	18.329073	0.005480	3.344485	91
8025.216928	18.362137	0.005490	3.344861	92
8026.238913	18.324438	0.005478	3.344894	93
8027.309503	18.265711	0.005461	3.344801	94
8028.331968	18.463783	0.005519	3.345795	95
8029.402682	18.348646	0.005486	3.344557	96
8030.424739	18.354130	0.005487	3.345070	97
8031.496759	18.348316	0.005485	3.344973	98
8032.518851	18.346087	0.005485	3.344761	99
8033.589323	18.324730	0.005479	3.344764	100
8034.611354	18.360378	0.005490	3.344400	101
8035.681930	18.359772	0.005489	3.344748	102
8036.704498	18.338854	0.005483	3.344658	103
8037.774966	18.333260	0.005482	3.344389	104
8038.801072	18.374613	0.005494	3.344676	105
8039.870000	18.314953	0.005476	3.344797	106
8040.890291	18.309725	0.005475	3.344492	107
8041.960586	18.343336	0.005485	3.344416	108
8042.982599	18.340473	0.005484	3.344532	109
8044.058677	18.327225	0.005480	3.344543	110
8045.075577	18.342791	0.005484	3.344706	111
8046.147992	18.310823	0.005474	3.345196	112
8047.168595	18.327276	0.005479	3.344709	113
8048.239288	18.313332	0.005476	3.344544	114
8049.262696	18.364828	0.005490	3.344903	115
8050.332674	18.310999	0.005475	3.344324	116
8051.354634	18.321156	0.005478	3.344674	117
8052.427114	18.325546	0.005479	3.344723	118
8053.449277	18.341187	0.005483	3.344959	119
8054.519695	18.310236	0.005474	3.344959	120
8055.539870	18.347719	0.005486	3.344626	121
8056.612416	18.356606	0.005488	3.345122	122
8057.632948	18.336802	0.005482	3.344873	123
8058.706792	18.359797	0.005489	3.344720	124
8059.721504	18.357103	0.005487	3.345521	125
8060.801642	18.308470	0.005473	3.344934	126
8061.818150	18.319254	0.005478	3.344375	127
8062.892167	18.306910	0.005473	3.345001	128
8063.910827	18.301167	0.005471	3.345224	129
8064.985015	18.296671	0.005471	3.344322	130
8066.004789	18.315044	0.005476	3.344733	131
8067.081796	18.307222	0.005473	3.345031	132
8068.097796	18.324017	0.005478	3.344947	133
8069.171968	18.349298	0.005486	3.345049	134
8070.189935	18.354918	0.005487	3.345171	135
8071.263889	18.303408	0.005472	3.345125	136
8072.286037	18.352068	0.005486	3.345176	137
8073.356606	18.306732	0.005473	3.344790	138
8074.379929	18.279871	0.005465	3.344794	139
8075.451160	18.316093	0.005476	3.344643	140
8076.473707	18.305634	0.005473	3.344627	141
8077.541726	18.391970	0.005499	3.344803	142
8078.563820	18.337818	0.005482	3.344972	143
8079.634392	18.322634	0.005478	3.344836	144
8080.656908	18.337856	0.005483	3.344633	145
8081.728712	18.383768	0.005496	3.344773	146
8082.750789	18.335026	0.005481	3.345344	147
8083.819979	18.278809	0.005464	3.345169	148
8084.842014	18.319521	0.005476	3.345312	149
8085.914217	18.330963	0.005481	3.344570	150
8086.934147	18.359158	0.005488	3.345247	151
8088.008434	18.295277	0.005469	3.345031	152
8089.024845	18.314074	0.005476	3.344436	153
8090.102649	18.315062	0.005476	3.344671	154
8091.116814	18.352528	0.005487	3.344692	155
8092.196893	18.309389	0.005475	3.344463	156
8093.215467	18.330341	0.005480	3.344922	157
8094.287802	18.332338	0.005480	3.345498	158
8095.304903	18.353354	0.005486	3.345194	159
8096.380834	18.321701	0.005477	3.345147	160
8097.398982	18.336735	0.005482	3.344839	161
8098.471031	18.348381	0.005486	3.344784	162
8099.492450	18.244635	0.005455	3.344606	163
8100.565438	18.311623	0.005475	3.344730	164
8101.585674	18.324589	0.005479	3.344624	165
8102.657994	18.306269	0.005473	3.344813	166
8103.679147	18.333462	0.005481	3.344821	167
8104.751190	18.308598	0.005473	3.345531	168
8105.773249	18.343594	0.005483	3.345382	169
8106.843247	18.378805	0.005495	3.344770	170
8107.865792	18.394417	0.005500	3.344629	171
8108.936299	18.311478	0.005475	3.344861	172
8109.956391	18.356436	0.005488	3.345075	173
8111.028949	18.346186	0.005484	3.345217	174
8112.053021	18.301502	0.005471	3.345015	175
8113.124052	18.359493	0.005489	3.344757	176
8114.143638	18.325212	0.005479	3.344592	177
8115.216319	18.303333	0.005472	3.344986	178
8116.238647	18.345648	0.005484	3.345302	179
8117.310678	18.346207	0.005485	3.344788	180
8118.329008	18.357243	0.005489	3.344547	181
8119.400705	18.346922	0.005485	3.344848	182
8120.422607	18.284739	0.005466	3.345050	183
8121.494696	18.365141	0.005491	3.344776	184
8122.517257	18.328421	0.005479	3.345123	185
8123.587285	18.341030	0.005483	3.345017	186
8124.609287	18.327311	0.005479	3.345002	187
8125.681211	18.305634	0.005473	3.344622	188
8126.701264	18.332975	0.005481	3.344883	189
8127.775653	18.301447	0.005472	3.344859	190
8128.794003	18.311737	0.005475	3.344719	191
8129.866418	18.344084	0.005484	3.344974	192
8130.888529	18.330929	0.005479	3.345543	193
8131.959131	18.292725	0.005468	3.345242	194
8132.978881	18.329979	0.005480	3.344759	195
8134.053164	18.317404	0.005476	3.344812	196
8135.071113	18.333605	0.005480	3.345512	197
8136.145134	18.275875	0.005463	3.345343	198
8137.165313	18.361942	0.005489	3.345225	199
8138.237796	18.359890	0.005488	3.345531	200
8139.259877	18.334890	0.005481	3.345200	201
8140.332338	18.312996	0.005476	3.344331	202
8141.353013	18.376522	0.005495	3.344425	203
8142.423561	18.335625	0.005482	3.344491	204
8143.448398	18.273590	0.005464	3.344599	205
8144.517545	18.317238	0.005476	3.344733	206
8145.537603	18.337955	0.005482	3.345181	207
8146.610113	18.325705	0.005478	3.345055	208
8147.631087	18.368763	0.005492	3.344782	209
8148.703128	18.272776	0.005463	3.344939	210
8149.722971	18.304022	0.005473	3.344723	211
8150.797618	18.308273	0.005474	3.344752	212
8151.817640	18.332642	0.005480	3.345401	213
8152.886209	18.361565	0.005489	3.345399	214
8153.910267	18.386137	0.005496	3.345123	215
8154.982836	18.284281	0.005467	3.344533	216
8156.004877	18.361982	0.005490	3.344427	217
8157.073316	18.279280	0.005466	3.344236	218
8158.097493	18.362848	0.005489	3.345093	219
8159.168067	18.355680	0.005487	3.345245	220
8160.187984	18.329966	0.005480	3.344583	221
8161.261948	18.348831	0.005486	3.344840	222
8162.280130	18.336639	0.005481	3.345531	223
8163.356197	18.341208	0.005484	3.344412	224
8164.374478	18.303200	0.005473	3.344367	225
8165.447653	18.332788	0.005480	3.345488	226
8166.467521	18.329880	0.005480	3.345168	227
8167.539704	18.359831	0.005489	3.344711	228
8168.559721	18.337481	0.005483	3.344553	229
8169.633779	18.314659	0.005476	3.344370	230
8170.654817	18.296972	0.005470	3.345152	231
8171.724865	18.358505	0.005489	3.344571	232
8172.744846	18.341164	0.005484	3.344766	233
8173.820883	18.337805	0.005482	3.345131	234
8174.837016	18.279776	0.005465	3.345075	235
8175.912819	18.333155	0.005480	3.345257	236
8176.930998	18.335623	0.005481	3.345042	237
8178.005418	18.328260	0.005480	3.344651	238
8179.029653	18.318287	0.005476	3.345011	239
8180.097505	18.299900	0.005471	3.344684	240
8181.117526	18.318930	0.005477	3.344516	241
8182.195601	18.275198	0.005463	3.345002	242
8183.210154	18.357239	0.005487	3.345475	243
8184.283084	18.354795	0.005487	3.345078	244
8185.303314	18.293772	0.005469	3.344707	245
8186.376241	18.344475	0.005484	3.345078	246
8187.398269	18.351780	0.005486	3.345193	247
8188.470809	18.350563	0.005485	3.345587	248
8189.490608	18.309193	0.005473	3.345342	249
8190.562736	18.321543	0.005477	3.345069	250
8191.585655	18.278009	0.005464	3.345278	251
8192.655699	18.327595	0.005478	3.345649	252
8193.675681	18.341156	0.005482	3.345494	253
8194.748261	18.294804	0.005469	3.345047	254
8195.769197	18.323772	0.005479	3.344578	255
8196.841186	18.328236	0.005480	3.344651	0
8197.861344	18.364384	0.005490	3.344827	1
8198.936297	18.343994	0.005484	3.344968	2
8199.954808	18.349291	0.005486	3.344497	3
8201.028817	18.334764	0.005482	3.344545	4
8202.049779	18.340538	0.005483	3.345068	5
8203.119730	18.318968	0.005476	3.345378	6
