num crossings	time (s)	maj axis (mm)	min axis (mm)	theta (rad )	slope (V/s)
5283	6222.963372	60.001220	6.656880	5.533860	45.934848
5285	6225.056808	59.736200	1.543816	5.559153	47.282647
5287	6227.149994	57.826473	1.146676	5.580002	48.696528
5289	6229.243872	60.500389	1.293124	5.556282	48.281071
5293	6233.431316	57.876055	1.122077	5.579533	50.865126
5295	6235.524337	59.490008	1.270859	5.564214	49.881964
5297	6237.617778	62.627612	4.946106	5.529694	45.994291
5301	6241.805581	58.166113	1.077268	5.579721	50.330247
5303	6243.899144	60.758424	1.197438	5.554462	48.113218
5307	6248.086081	58.489925	1.069793	5.580693	48.121943
5309	6250.179423	60.997342	1.225214	5.553789	47.735175
5311	6252.273027	60.292757	1.343309	5.555092	48.384839
5315	6256.459429	59.766481	1.229196	5.561478	48.241400
5317	6258.552667	59.784917	1.172743	5.562411	47.352057
5319	6260.646533	60.697659	6.554508	5.531891	47.131896
5321	6262.740175	59.797798	1.239195	5.560894	48.468616
5323	6264.833218	59.882001	1.145176	5.561899	50.023702
5325	6266.926751	58.508370	0.836542	5.566182	49.788389
5327	6269.020460	60.591190	5.623527	5.538745	47.823054
5331	6273.206898	58.564770	0.990363	5.577602	49.370328
5333	6275.300532	61.053371	1.126719	5.552684	48.028882
5335	6277.393880	60.259414	1.263978	5.553103	47.670709
5341	6283.674646	59.915202	1.187412	5.559369	49.212448
5343	6285.768065	61.128974	1.097880	5.551566	49.681047
5345	6287.860799	58.471456	0.961927	5.575503	51.172165
5347	6289.954337	60.985207	1.088492	5.551122	48.313241
5349	6292.048309	58.483102	0.942931	5.575398	47.207550
5351	6294.141685	61.148822	1.083289	5.550895	49.090522
5353	6296.234957	60.529138	1.279109	5.553208	49.648692
5355	6298.328403	59.990617	1.187691	5.557530	47.922112
5357	6300.422013	61.196061	1.061523	5.549709	50.363995
5361	6304.608983	58.632820	0.924759	5.574735	50.561534
5363	6306.702659	60.870063	5.971851	5.530733	49.051431
5367	6310.889126	59.139325	0.931360	5.576456	49.381601
5369	6312.982815	60.584972	5.033961	5.532268	49.046598
5371	6315.076044	59.982480	1.133971	5.556295	50.269906
5373	6317.169712	61.233673	1.042322	5.548955	50.019806
5375	6319.262861	60.645627	1.200651	5.550538	50.115236
5379	6323.449629	58.649623	0.900421	5.573570	50.196851
5381	6325.542943	60.745725	5.333798	5.534410	50.646889
5385	6329.730187	59.004444	0.899907	5.574245	48.891017
5387	6331.823579	60.134896	1.029082	5.556033	49.873816
5389	6333.916973	58.281206	6.175284	5.523445	48.433072
5391	6336.010333	60.620878	1.215239	5.550166	48.539522
5397	6342.290505	60.710752	1.151930	5.547993	47.239792
5399	6344.383932	58.988465	0.873654	5.572854	49.109437
5401	6346.477105	61.101204	6.520154	5.526607	47.666457
5403	6348.570712	60.694225	1.157180	5.547929	48.113647
5405	6350.664225	60.711692	1.159070	5.547502	50.090402
5411	6356.944559	58.563106	0.861853	5.569207	48.400399
5413	6359.038366	58.867018	0.710614	5.558697	50.787208
5415	6361.131956	61.236887	0.989471	5.544401	50.932114
5417	6363.225173	59.025043	0.870666	5.571635	48.694137
5419	6365.318320	58.834115	0.706747	5.557740	48.471020
5421	6367.412212	60.893870	5.680931	5.529194	50.454109
5423	6369.505612	60.746853	1.119924	5.545868	50.293913
5429	6375.786175	60.582406	1.165638	5.546373	49.284937
5431	6377.879079	58.412796	0.862151	5.568381	50.009296
5433	6379.971884	59.716382	0.992321	5.552422	49.263771
5435	6382.064695	58.418636	0.707456	5.556398	48.533978
5437	6384.158234	60.595197	0.992699	5.543711	47.371904
5439	6386.250585	59.289659	1.067534	5.550995	47.999041
5441	6388.344130	58.016455	0.708747	5.556223	46.904668
5443	6390.436757	59.107145	1.001388	5.552194	47.815868
5445	6392.529659	57.717541	0.732455	5.556297	47.364369
5447	6394.622611	57.585644	0.721347	5.556229	46.543449
5449	6396.715276	58.737550	1.025195	5.551801	46.596421
5451	6398.807788	58.593589	1.001686	5.552094	46.602411
5453	6400.901351	58.466953	1.015681	5.551781	44.166201
5455	6402.994267	57.131982	0.735457	5.555986	46.229395
5457	6405.087013	59.179156	5.634868	5.528830	47.517613
5459	6407.182057	57.933777	1.049877	5.551499	45.166931
5461	6409.275545	56.844079	0.707826	5.553719	42.201949
5463	6411.368595	58.041673	1.022253	5.550523	45.771739
5465	6413.461052	57.957382	1.018218	5.550332	46.351471
5467	6415.554086	57.858193	1.050425	5.550147	43.941461
5469	6417.647427	56.151554	0.757375	5.554318	44.565589
5471	6419.739931	56.497552	0.753122	5.554979	44.291950
5473	6421.832756	57.638081	1.060800	5.550148	46.322497
5475	6423.925615	56.320891	0.760490	5.554633	45.032729
5477	6426.018891	56.301161	0.795015	5.554800	45.871776
5479	6428.111900	57.448110	1.052036	5.549874	43.984275
5481	6430.204872	57.346815	1.070700	5.549710	44.521595
5483	6432.297223	56.121288	0.777466	5.553838	44.724812
5485	6434.390756	55.995273	0.794239	5.553903	43.374417
5487	6436.483835	58.384767	1.079884	5.540538	42.564420
5489	6438.576634	57.069764	1.125340	5.548237	45.953843
5491	6440.670053	55.745994	0.816997	5.555194	44.129333
5495	6444.856106	56.957895	1.180858	5.548225	44.743889
5497	6446.949259	57.097054	1.072103	5.547515	45.372170
5499	6449.042409	56.824069	1.081812	5.548385	43.488713
5503	6453.228137	56.776863	1.195658	5.547415	43.324953
5505	6455.321080	55.517925	0.820951	5.552448	42.782533
5507	6457.414441	55.543981	0.812205	5.552342	43.839938
5509	6459.507380	55.527192	0.846705	5.552325	42.431382
5511	6461.600299	56.688352	1.120482	5.548277	44.580708
5513	6463.693268	56.609396	1.146099	5.547999	42.266379
