time (s)	energy (uJ)	charge (mC)	voltage (mV)	crossing#mod 255
3930.061767	29.025352	0.009390	3.091176	19
3931.106109	28.590218	0.009377	3.048964	20
3932.155424	31.342691	0.009372	3.344236	21
3933.200034	28.462708	0.009377	3.035306	22
3934.248120	28.978037	0.009379	3.089773	23
3935.293316	27.909168	0.009403	2.968238	24
3936.341317	28.930576	0.009381	3.084022	25
3937.388388	27.733574	0.009380	2.956776	26
3938.435607	28.944788	0.009385	3.084244	27
3939.479060	28.216509	0.009365	3.012983	28
3940.528010	28.517931	0.009382	3.039557	29
3941.573642	27.989597	0.009369	2.987560	30
3942.620981	28.939011	0.009362	3.091209	31
3943.666578	28.040924	0.009381	2.989185	32
3944.715041	28.947145	0.009384	3.084704	33
3945.760780	28.855642	0.009380	3.076177	34
3946.808091	28.296984	0.009376	3.018120	35
3947.851581	28.800684	0.009392	3.066418	36
3948.901305	29.074535	0.009378	3.100232	37
3949.944924	28.604694	0.009403	3.042055	38
3950.995067	28.248905	0.009390	3.008388	39
3952.039487	28.127941	0.009385	2.996989	40
3953.087431	29.088121	0.009379	3.101573	41
3954.131631	28.446829	0.009375	3.034424	42
3955.181500	28.507839	0.009378	3.039992	43
3956.224660	28.464880	0.009369	3.038116	44
3957.273298	29.094769	0.009373	3.104035	45
3958.320156	27.719173	0.009384	2.953932	46
3959.368212	28.471205	0.009382	3.034609	47
3960.411244	28.326265	0.009360	3.026166	48
3961.462307	28.547510	0.009393	3.039236	49
3962.502887	28.988337	0.009371	3.093286	50
3963.553361	31.237217	0.009369	3.334063	51
3964.597441	28.207664	0.009370	3.010434	52
3965.647628	29.025169	0.009380	3.094305	53
3966.690880	28.449347	0.009386	3.031159	54
3967.740656	28.459654	0.009375	3.035631	55
3968.784573	27.809467	0.009390	2.961596	56
3969.834741	28.483170	0.009371	3.039559	57
3970.875858	28.610558	0.009401	3.043496	58
3971.927728	28.767570	0.009373	3.069093	59
3972.970330	28.249216	0.009382	3.011093	60
3974.020067	28.611460	0.009363	3.055743	61
3975.062878	28.307938	0.009367	3.022102	62
3976.114450	29.182100	0.009381	3.110897	63
3977.156120	28.797735	0.009383	3.069026	64
3978.207229	28.861004	0.009378	3.077679	65
3979.253219	26.900146	0.009377	2.868758	66
3980.300166	28.947264	0.009375	3.087735	67
3981.341929	28.552858	0.009387	3.041861	68
3982.395234	28.537985	0.009379	3.042608	69
3983.435794	28.409908	0.009388	3.026266	70
3984.486779	28.880781	0.009392	3.075083	71
3985.533436	26.913628	0.009387	2.867237	72
3986.578684	29.083017	0.009372	3.103028	73
3987.622594	28.499102	0.009392	3.034395	74
3988.672771	29.066328	0.009399	3.092594	75
3989.715393	28.512068	0.009395	3.034887	76
3990.766086	28.879700	0.009372	3.081323	77
3991.807963	28.390005	0.009404	3.018822	78
3992.861299	31.472818	0.009417	3.341997	79
3993.902012	28.491785	0.009393	3.033258	80
3994.952203	31.154535	0.009356	3.330029	81
3995.998528	27.779091	0.009377	2.962614	82
3997.045174	29.125166	0.009381	3.104851	83
3998.089269	28.595507	0.009385	3.046835	84
3999.138064	29.423019	0.009381	3.136422	85
4000.173828	29.017355	0.009371	3.096473	86
4001.238307	28.877199	0.009391	3.075119	87
4002.280279	27.981226	0.009362	2.988699	88
4003.327933	28.956533	0.009377	3.088163	89
4004.365057	28.390224	0.009356	3.034375	90
4005.420764	28.596306	0.009395	3.043917	91
4006.460211	28.001612	0.009377	2.986043	92
4007.513327	29.022791	0.009369	3.097879	93
4008.551837	28.551105	0.009371	3.046889	94
4009.605690	29.074230	0.009400	3.093147	95
4010.645604	28.306667	0.009370	3.021112	96
4011.699843	28.972605	0.009381	3.088479	97
4012.739470	28.329571	0.009396	3.014939	98
4013.793266	28.675171	0.009376	3.058391	99
4014.831658	28.427940	0.009374	3.032584	100
4015.886118	28.920198	0.009372	3.085968	101
4016.925555	28.297403	0.009378	3.017352	102
4017.981223	28.410332	0.009394	3.024201	103
4019.019706	28.237368	0.009391	3.006958	104
4020.074028	28.456932	0.009374	3.035636	105
4021.111017	28.511606	0.009396	3.034469	106
4022.165470	29.010696	0.009382	3.092224	107
4023.204408	28.657278	0.009372	3.057647	108
4024.259115	31.350637	0.009387	3.339794	109
4025.298774	28.019375	0.009358	2.994273	110
4026.351856	28.943531	0.009370	3.088820	111
4027.390684	28.581509	0.009365	3.052024	112
4028.445635	28.464687	0.009378	3.035149	113
4029.486688	27.560068	0.009380	2.938092	114
4030.539486	28.932627	0.009397	3.078860	115
4031.577563	28.458973	0.009405	3.025910	116
4032.630920	29.277498	0.009371	3.124292	117
4033.671231	28.425295	0.009376	3.031640	118
4034.724494	29.037430	0.009376	3.097113	119
4035.763907	28.474512	0.009384	3.034514	120
4036.819606	28.647022	0.009389	3.051238	121
4037.857134	30.099604	0.009371	3.212019	122
4038.914131	28.546196	0.009381	3.042952	123
4039.950889	28.245989	0.009395	3.006625	124
4041.005510	28.957451	0.009398	3.081100	125
4042.043325	28.589991	0.009384	3.046576	126
4043.100711	28.492811	0.009381	3.037270	127
4044.137564	28.284033	0.009377	3.016271	128
4045.191671	28.667810	0.009374	3.058126	129
4046.231408	27.886856	0.009387	2.970819	130
4047.284633	28.960077	0.009374	3.089540	131
4048.322240	28.642557	0.009371	3.056565	132
4049.378448	28.976269	0.009378	3.089842	133
4050.418612	27.836668	0.009390	2.964582	134
4051.471126	29.095188	0.009383	3.100800	135
4052.510776	28.155052	0.009358	3.008504	136
4053.564017	28.975906	0.009375	3.090738	137
4054.602554	27.998411	0.009368	2.988588	138
4055.656918	28.981081	0.009354	3.098319	139
4056.696136	29.433584	0.009380	3.137851	140
4057.751876	28.499352	0.009355	3.046541	141
4058.789004	28.283474	0.009392	3.011535	142
4059.843230	29.050308	0.009377	3.098199	143
4060.887233	26.814709	0.009372	2.861221	144
4061.936893	29.105623	0.009377	3.103935	145
4062.974091	29.175810	0.009369	3.114154	146
4064.030422	28.958845	0.009377	3.088361	147
4065.070183	28.058279	0.009389	2.988378	148
4066.123069	29.024975	0.009376	3.095747	149
4067.164276	27.752316	0.009383	2.957756	150
4068.217370	28.487637	0.009382	3.036360	151
4069.255690	28.561188	0.009373	3.047262	152
4070.308181	29.303833	0.009372	3.126872	153
4071.350329	27.892908	0.009386	2.971752	154
4072.402811	29.082411	0.009379	3.100671	155
4073.442775	28.077641	0.009358	3.000522	156
4074.497554	30.897827	0.009378	3.294672	157
4075.537860	27.393925	0.009375	2.922127	158
4076.590219	28.578548	0.009370	3.050155	159
4077.627409	28.204548	0.009404	2.999291	160
4078.685067	28.474638	0.009382	3.034949	161
4079.721544	28.167126	0.009387	3.000809	162
4080.775773	29.102491	0.009391	3.099022	163
4081.813945	28.540098	0.009395	3.037736	164
4082.870223	28.854975	0.009386	3.074313	165
4083.912121	26.854893	0.009365	2.867570	166
4084.962352	29.050493	0.009382	3.096270	167
4086.002015	28.043497	0.009370	2.992801	168
4087.056822	28.501394	0.009359	3.045392	169
4088.095444	27.921036	0.009395	2.971834	170
4089.148693	29.105219	0.009400	3.096148	171
4090.188127	27.900606	0.009352	2.983398	172
4091.242548	28.460588	0.009380	3.034323	173
4092.280593	27.908787	0.009386	2.973512	174
4093.336797	28.550737	0.009373	3.045969	175
4094.373554	28.068161	0.009376	2.993686	176
4095.428513	29.099083	0.009408	3.093064	177
4096.473412	25.987854	0.009373	2.772649	178
4097.521386	29.064564	0.009376	3.099872	179
4098.559985	28.010153	0.009378	2.986937	180
4099.615353	29.078352	0.009396	3.094822	181
4100.653302	28.231205	0.009393	3.005626	182
4101.710759	28.487898	0.009378	3.037659	183
4102.746081	28.463791	0.009391	3.030892	184
4103.801752	29.053850	0.009361	3.103690	185
4104.840154	28.326208	0.009389	3.016812	186
4105.894140	29.060171	0.009396	3.092913	187
4106.935442	27.651983	0.009380	2.948046	188
4107.988514	28.228783	0.009386	3.007639	189
4109.028064	27.892420	0.009376	2.974737	190
4110.080890	28.886604	0.009351	3.088985	191
4111.119158	28.486359	0.009388	3.034275	192
4112.175185	29.009546	0.009378	3.093510	193
4113.213117	28.046022	0.009385	2.988494	194
4114.267450	29.172277	0.009398	3.104052	195
4115.304813	28.666922	0.009370	3.059573	196
4116.361376	28.526768	0.009397	3.035733	197
4117.397853	30.578974	0.009378	3.260846	198
4118.455120	29.019474	0.009375	3.095330	199
4119.491678	28.450300	0.009368	3.036893	200
4120.546955	29.145367	0.009358	3.114543	201
4121.586961	27.871500	0.009383	2.970492	202
4122.642992	28.477673	0.009378	3.036789	203
4123.683658	26.605021	0.009372	2.838873	204
4124.733336	28.906317	0.009370	3.084925	205
4125.770963	28.042412	0.009402	2.982668	206
4126.827583	28.896723	0.009372	3.083420	207
4127.865405	28.160696	0.009371	3.004973	208
4128.920220	29.079056	0.009388	3.097629	209
4129.958496	29.972589	0.009397	3.189560	210
4131.012732	28.480867	0.009371	3.039413	211
4132.050882	28.241793	0.009379	3.011292	212
4133.106671	29.004124	0.009369	3.095620	213
4134.144444	28.432425	0.009381	3.030982	214
4135.199232	28.990040	0.009377	3.091620	215
4136.238526	28.134445	0.009382	2.998786	216
4137.292862	29.209322	0.009432	3.096829	217
4138.330904	28.352921	0.009393	3.018397	218
4139.388255	28.521057	0.009391	3.037182	219
4140.425247	27.903778	0.009394	2.970403	220
4141.479718	28.979650	0.009385	3.087775	221
4142.519095	27.803043	0.009376	2.965260	222
4143.573720	28.962431	0.009384	3.086435	223
4144.610205	28.401129	0.009394	3.023438	224
4145.672282	26.970177	0.009355	2.882864	225
4146.703490	28.372419	0.009363	3.030425	226
4147.758696	28.401022	0.009361	3.033977	227
4148.798329	29.371655	0.009362	3.137334	228
4149.853089	28.676111	0.009426	3.042352	229
4150.890673	28.132179	0.009371	3.001956	230
4151.947316	28.516844	0.009375	3.041895	231
4152.982413	28.541376	0.009393	3.038597	232
